13 22 26 64 67 76 98 106 121 122
45 46 61 81 94 118 119 133
33 45 98 107 114 117 135 144
4 6 12 22 31 45 76 101 133
19 20 25 63 72 73 95 104 115 124 127 135
9 20 25 43 68 69 82 85 99 116
1 4 9 16 32 40 46 67 68 85 95
7 14 43 45 47 57 82 84 112 131 144
22 54 61 64 71 72 95
1 3 7 57 63 104 140
2 9 35 59 69 89 92 113 136 145
4 12 18 31 35 53 72 146 149
8 13 23 52 54 58 71 76 81 112 117 121 125
15 18 27 33 55 60 68 74 79 98 115 121 129
15 41 55 56 62 83 85 90 103 130
5 20 41 45 68 86 119 125
5 8 39 41 56 57 77 88 117 133 136 148
6 9 20 30 71 79 100 122 130
17 28 49 57 72 143 147
2 14 42 99 100 106 110 133 138 148
41 71 90 98 108 130
5 11 15 35 43 52 59 79 80 82 122 142 143
18 20 56 77 90 115 129 143 148
4 23 41 62 75 94 122 145
17 19 20 104 112 129 146
16 17 48 53 55 87 131
3 10 19 33 34 63 108
0 9 17 21 24 64 65 69 97 100 114 120 146
26 46 53 81 101 118 135 145
16 41 44 61 67 81 83 85 114 115 138 149
0 35 57 63 67 79 80 81 111 136 141 146
29 52 59 89 104 142
2 29 41 59 80 89 129
3 17 40 60 108 112 120 133 145
12 22 31 34 51 53 58 62 65 88 142 147
16 19 34 42 43 57 69 94 103 112 116 123 145
17 26 39 53 57 77 81 87 104
3 12 19 28 62 136
1 17 60 68 71 74 146
1 47 55 74 109 118
15 49 50 52 66 84 85 98 112 119 131 140
7 16 42 45 49 50 62 71 81 102 103 128 137
26 30 36 54 82 83 91 100 105 115 123 124 144
25 30 34 54 59 78 79 121
12 40 96 102 105 120 122
11 13 17 21 32 49 65 68 81 95 134 138 148
0 39 75 80 111 139
9 37 43 45 46 48 50 54 73 90 97 103
17 21 31 35 41 45 85 99 109 119 121 125 148
2 50 51 80 90 118 119 132 137
8 32 43 48 51 65 80 91 97 102 115 141
43 50 76 95 99 111 112 113 116 128 144
21 26 31 39 44 57 60 115 117 127 130 144
35 40 53 64 76 84 115 131 135
3 15 17 32 52 59 79 111 124 131 149
2 5 8 15 103 115
8 11 31 32 49 93 96 115 137 149
12 18 41 59 61 89 128 133 138
13 28 47 49 68 89 97 128 131 143
41 52 54 72 105 111 113 115 137 140 142
11 32 33 56 75 77 84 89 91 116 126 135
7 37 49 51 89 92 99
2 4 19 26 40 41 48 51 97 127 132
3 12 24 68 106 115
1 13 21 22 49 67 74 97 102 104 115 116
5 14 23 29 32 70 104 105 115
16 47 51 57 81 90 97 99 105 121 127 145 147
1 10 15 17 18 28 44 57 77 91
26 30 36 42 70 72 83 92 93 103 108 111 120
63 75 81 92 109 121 149
11 31 60 83 97 119
67 71 89 92 94 99 121 123 138
24 33 67 69 80 91 104 107 110 141
40 48 53 59 65 68 70 82 107
28 49 61 65 88 108 109 130 141
56 64 76 78 91 95 128 146
21 22 37 47 58 111 142
11 23 31 52 75 80 133
0 16 24 31 33 60 61 65 121 128
14 27 52 87 94 123 139
6 14 28 33 43 64 131 142
15 25 27 31 118 139
4 12 20 28 60 67 77 97 106 123
26 39 61 65 103 113 125 137
14 19 32 74 94 101 128 130 137 138 146
2 47 62 71 101 139 141
2 86 108 109 110 115 119 121 123 132
33 45 49 61 94 102 131 148
23 26 47 50 51 92 112 148
6 12 82 91 111 118
17 62 95 98 110 123 133
18 58 60 69 76 87 95 123 129 130 149
52 72 97 105 116 131
31 32 36 43 51 79 125
0 19 25 27 30 42 43 56 61 96 98 116 141
7 9 25 35 39 61 70 71 73 75 89 136
20 25 26 44 54 60 80 88 100 103 109 116 129
30 36 40 42 102 114 122 126 146 148
5 17 25 64 82 90 91 143 145
21 23 49 77 94 99 117
33 38 63 67 96 102 103 118 134
20 37 65 81 103 118 121 140
24 35 37 45 63 66 76 86 96 118 146
17 47 50 51 59 62 63 69 83 114
4 7 39 67 69 129
40 44 46 47 49 51 71 100 116 120 137 143
21 30 71 100 109 114 132 138
4 32 33 55 66 101 147
8 34 41 42 57 65 86 95 96 104 113 140
23 43 63 90 114 127
20 23 27 44 52 71 130 131 141
10 16 32 50 72 86 116 120
13 37 44 60 63 133 139
5 13 78 98 131 133
19 27 73 112 116 120 131
12 22 31 32 39 75 141
27 51 66 91 108 134
40 61 80 85 89 95 97 107 128 132
0 7 25 55 94 115 147
12 58 80 82 106 124
7 34 41 73 74 83 100 114 116 141 142
25 42 43 78 95 109 133
11 24 70 73 74 76 83 95
11 20 30 38 55 70 71 96 97 101 119 126 143
10 11 14 28 32 47 76 116 143
2 11 18 38 42 45 59 68 79 135 144
0 33 35 55 65 75 107 129 132 133 136 137 144
3 15 16 30 33 43 59 62 74 77 80 95
18 32 34 51 54 121 123
7 8 12 29 30 33 57 86 105
14 22 32 79 82 85 97 100 108 109 121 130 143
0 12 18 25 30 31 109
12 21 40 53 59 65 86 108 119 136 148
6 30 32 38 47 48 60 67 86 91 96
52 109 110 125 133 142
11 26 27 38 54 63 74 76 90 92 104 143
2 62 82 97 109 113 138
23 28 34 67 73 93 115 133
12 14 28 35 52 75 80 110 136 138
8 40 47 52 58 101 119
2 3 7 17 21 26 41 62 92 93 98 128 131
5 19 22 33 38 45 51 53 90 97 100 138
15 25 26 36 52 63 76 82 92 98 113 119 139
59 63 77 79 83 87 96 136 141 144
1 12 22 29 52 58 63 104 119
11 12 48 51 54 86 97 103 107
16 21 74 89 95 103 127 128
3 41 49 56 112 139 145
64 66 67 75 91 114 135
20 30 76 77 103 126 131
2 8 11 25 27 32 33 59 71 95 108 116 128
5 13 16 38 57 60 92 95 105 117 119 147
6 11 45 68 84 91
11 32 35 52 59 61 87 92 111 115 129
24 29 30 50 61 68 74 78 80 99 124 128
3 9 12 39 97 98 123
16 27 28 29 44 46 61 75 86 98 110 111 140
18 20 35 85 133 144
6 11 24 75 77 82 87 99 142
3 10 31 32 54 61 67 70 133 141 147
2 21 51 90 93 115 132 136 142 145 148
4 11 15 28 36 56 59 85 99 106 120 144
4 73 107 111 112 113 116 143
11 15 39 40 44 48 69 76 81 90 107 132 135
11 19 47 65 75 103 111 112 116 121 127 133 140
15 19 23 29 46 51 55 81 85 120 121 131 137
16 17 22 44 91 115 116 129 130 137 141 143 145
21 38 54 58 74 84 90 97 109 147
23 24 48 57 62 70 85 95 121 123 128 143 149
22 26 27 28 49 50 116 129
5 21 39 52 73 78 81 113 114 127
1 10 30 59 90 93 98 105 106 115 121
2 13 15 18 31 46 47 61 68 93 99 104 133
3 39 44 51 92 114 119
13 18 42 59 60 69 78 108 112 142
4 63 64 68 72 103 117 127 133 139 142 143 146
30 33 49 55 75 108 109
0 16 20 26 65 73 77 109 117 147
0 4 21 36 100 106 108 139 143 149
6 9 21 29 30 55 101 116 118 128 137 140
28 41 46 50 56 57 73 126
1 20 29 59 70 132
7 21 22 41 50 72 77 78 88 103 107 148
3 7 32 43 78 101 115 122 126
18 29 47 56 63 96 108 110 122 145 147
10 18 19 38 52 61 105 106 122 141
9 13 63 73 74 89 98 115 129 135 143
2 20 26 27 51 53 59 73 76 103 130
0 3 13 28 49 78 79 96 97 123 144
33 37 47 56 57 61 63 68 80 90 133 140 145
3 7 44 46 62 73 80 90 103 121 141 148
14 15 17 25 49 95 97 145
17 18 32 41 46 52 80 99 142
12 20 25 32 57 61 64 123 129
8 12 25 53 57 61 63 64 90 100 109 122 123
6 14 23 36 45 62 67 137
0 6 36 37 63 71 81 92 93 127
21 32 65 68 89 99 102 141
20 26 42 91 97 105 119
15 35 45 59 72 79 91 99 107 130 139 146
29 33 41 43 51 60 104 121 125 128 135 136
51 58 65 68 78 97 107 108 110 111 120
2 8 23 40 48 77 94 98 140
26 44 48 86 131 140
5 32 35 46 57 59 85 97 111 120 126 133
25 37 38 49 86 88 112 120 125 126 130 133
17 24 25 27 70 73 76 87 101 105 127 137
14 17 20 49 58 61 64 108 111 138 139 141
17 104 118 126 136 137
3 14 22 24 39 43 83 114 137 139
6 15 26 30 50 59 60 65 73 76 92 124 139
11 14 35 60 93 117
18 29 50 56 103 121 136 137 140
18 23 32 48 49 53 59 62 79 121 137
1 4 16 17 20 24 36 45 55 75 92 106 140
15 57 73 81 93 96 110 116 128 138 141
15 24 80 87 124 146
8 27 30 33 42 45 62 69 100 113 118 121 144
37 46 48 76 86 91 124 128 138 144
30 41 58 65 84 134
13 62 77 91 93 108 149
2 10 36 37 43 63 77 89 97 113 114 144
12 15 61 98 123 129 131
1 29 42 56 87 97
3 9 20 32 97 116 138 140
25 28 31 58 71 81 89 111 114 126 134 140
36 37 48 64 72 83 102 135 139
32 76 102 104 110 111 134 146
12 15 40 88 108 122 146
8 17 19 43 54 107
27 29 41 54 75 88 104 149
1 5 7 13 50 82 117 128 131
7 19 28 44 55 62 92 98 115 130 146
3 50 79 103 105 107 123 128 136 141 147
13 38 40 43 64 79 108 130 132 133 134 135 140
7 17 48 88 102 133
15 30 32 35 47 71 122 132 145
30 35 48 56 61 104 108 124 143 147
7 9 16 17 40 41 43 48 71 86 108 129
15 22 41 59 70 79 89 105 107 147
4 19 32 54 64 74 75 96 99 112 129 138 147
34 52 56 58 66 86 106 117 149
7 41 43 55 63 81 106 114 122 132
17 44 50 52 81 91 128 133 135 143 148 149
3 4 7 15 39 57 80 99 103 108 113 123 135
17 18 30 45 91 149
7 28 39 41 109 132
38 41 88 102 122 125 133 149
0 18 58 64 68 82 120
5 14 46 82 99 103 123 126 132 134
2 17 27 29 34 88 92 105 139
14 32 34 40 83 138 148
16 76 83 97 116 129
5 8 11 42 52 74 84 92 109 114 136 143
16 50 81 87 88 95 109
33 41 48 49 50 52 57 92 96 104 133 139 141
3 6 71 87 100 108
24 28 36 63 67 86 89 97 114 122 124 128 142
17 53 56 66 98 104 119 122 129 139
2 33 49 77 79 130 131 133 143
15 48 78 138 140 145
29 52 70 94 125 127 132 140 148
6 28 30 36 80 89 103 105 111 125
2 8 11 15 26 31 42 58 65 82 85 89 117
18 19 20 48 81 88 108 112 123 138 143 145
3 12 27 30 45 51 81 95 133
5 19 25 43 45 54 55 62 80 109 117 126 136
5 56 62 82 122 124 137 142
23 32 70 73 109 111 126 127 142 143 146
28 29 34 42 51 53 71 79 82 98 104 115
34 89 98 108 109 121 126 149
4 11 24 101 112 130 145
17 53 79 134 138 144 149
23 30 34 55 87 89 92 95 100 109 116 141
5 46 49 66 67 84 101 102 113 129
3 52 73 87 90 93 101 119 129 133 134 135 138
2 39 48 56 99 126 139
14 48 63 101 123 133
30 37 60 65 69 83 132 148
58 69 72 74 81 82 84
12 46 64 65 81 99 102 105 107 126
13 27 35 38 41 47 50 51 63 96 100 133 138
0 19 54 62 68 80 84 104 112 113 117 124 136
9 13 38 59 67 69 79 86 109 127 129 130
10 22 48 50 51 55 78 91 104 124 139 145 148
54 64 65 73 81 114 123
5 32 36 46 56 82 86 96 124 146
9 25 60 67 87 96 123 125
17 20 36 38 70 114 137 144
2 13 31 34 84 86 90 102 105 117 145
27 28 29 37 46 57 76 83 87 110 116 119 140
9 25 66 89 103 112 136
9 10 17 33 40 45 89 100 117 118 122 132 136
20 27 38 82 110 118 130
20 28 44 50 70 80 95 124 130 131 145 147
40 41 47 64 68 79 105 115 126 135 140 147 149
16 20 21 31 43 45 67 77 83 107 120 136 141
5 10 16 30 40 98 103 140
5 20 32 84 101 130 139
15 30 32 85 95 109 147
11 17 52 72 73 101 112
5 28 30 101 126 136 141 148
24 38 53 63 71 75 79 93 127 128 137
1 14 23 27 29 31 127
2 5 34 70 73 76 77 89 111 115 117 136
18 32 37 47 80 125 127 133
2 24 26 31 43 51 70 80 123 127 140
9 30 52 58 68 78 108 116
18 28 36 38 53 66 77 87 122 128 137 143
5 22 23 47 60 98 100 108 114 117 120
73 94 104 116 135 138
7 33 57 62 82 117 140
6 7 22 43 46 48 54 56 59 61 83 100 139
4 32 33 47 72 86 131 137
24 36 53 64 95 127 142 147
77 97 102 114 116 133 146 147
1 49 60 62 84 105 131 137 139 142
31 39 68 89 92 113 124 149
39 49 50 75 106 110
12 22 59 87 112 123 124 138
44 48 56 78 107 111 115 139
1 3 35 54 72 80 115 149
22 33 38 47 62 67 77 102 114 118 124 129 135
6 16 17 57 78 92 95 101 137 138
14 70 73 98 113 116 121
18 35 94 106 124 139
11 12 14 17 35 39 45 68 89 105 120 145
35 77 85 89 121 132 143
10 16 31 65 84 96 113 117 143
10 11 35 50 63 67 69 71 112 127 128 134 145
8 13 62 64 65 97 99 107 114 121 123 134 138
17 24 33 37 46 51 72 78 83 108 116
35 68 99 126 132 141 148 149
11 42 55 58 82 122 136
15 21 33 41 49 55 68 95 103 123 131 143 146
18 28 61 63 112 123 124 136
39 46 55 58 59 72 80 99 102 113 144 145
33 41 81 95 100 120 133 139
10 17 40 103 110 135 139 148
2 19 23 43 44 51 79 80 110 115 131 149
10 16 32 33 35 41 75 76 105
7 12 15 19 21 60 74 100 127
88 95 102 110 125 147
46 55 60 88 96 124
6 52 58 86 98 106 107 113
33 38 39 55 59 66 95 127
9 54 58 127 137 147 149
4 7 18 20 32 33 74 110 119 120 121 132 135
25 38 44 46 48 56 60 114 133 134
5 12 15 30 64 76 94 105 116 139 146
6 43 50 59 75 76 111 118 124 137
36 97 114 124 126 134
0 17 48 56 64 75 107 116
23 34 39 60 80 85 99 103 104 112
20 22 23 45 47 50 55 67 102 106 119 134 136
9 19 63 102 119 127 131 134 135 138
15 30 38 46 50 54 56 61 69 113
0 12 19 44 50 68 86 94 96 129 131 140 144
28 30 46 56 58 59 65 74 86 88 106 127 136
12 30 34 36 43 80 101 109 111 122
2 24 51 54 56 63 70 86 89 129 142 144
64 87 89 109 112 133
7 12 28 34 79 138 141 143
24 30 31 47 125 128 130
11 14 20 24 36 73 115 117 119 127 130
6 9 10 17 32 38 59 77 79 91 94 102 103
0 24 27 30 31 46 87 96 119 127 133 137 145
4 32 38 44 66 71 77 89 120 126
20 27 64 89 90 116 129
3 8 16 71 74 78 120
13 18 19 29 40 48 53 82 95 102 120
1 14 29 32 87 99 118 124 135
48 51 63 73 76 99 120 124 145
19 22 31 34 42 74 148
68 69 98 99 103 124 127 142
31 67 74 108 109 114
20 32 35 45 47 55 80 88 92 120 125
15 37 44 66 75 80 81
3 9 15 31 66 70 98 102
1 3 21 58 81 98 108
13 20 45 55 70 100 109 125 130
0 10 34 52 67 78 95 98 119 130
17 20 21 57 67 74 102 141 148
43 49 78 99 120 123 136 144
24 29 68 76 84 108 113 115 116 134
0 13 22 27 36 66 73 77 99 112 113 116 146
13 14 15 19 80 102 119 123 125 137 145
16 20 33 40 103 134 138
5 22 40 49 90 91 118 135 149
0 8 27 29 48 53 64 79 90 101
13 58 63 88 111 123 135 147
8 16 28 30 48 89 96 100 109 118 139 143
4 57 70 80 115 132
2 19 27 39 42 87 134 146
2 21 25 29 72 80 112 125 130 141 146
5 18 29 38 103 117 144
1 7 12 20 24 46 54 57 87 103 131 141 147
14 24 32 51 55 69 87 111 122 148 149
3 14 18 22 26 27 49 57 68 73 81 92
0 25 40 41 69 76 79 97 102 106 119 125 137
8 28 62 93 108 135
3 15 20 54 67 78 98 102
10 14 61 87 94 111 117 132 139
34 42 82 112 130 135
4 7 15 65 72 82 129 130 141
6 12 60 85 116 138 148
20 29 44 70 80 87 90
3 18 35 48 61 74 90 103 106 122 125
4 10 13 15 35 39 40 42 62 101 103 141
42 67 105 117 118 120 138
3 43 48 49 51 69 77 89 113 137
43 71 75 96 124 133 143 146
0 4 24 28 31 80 130
34 46 62 76 81 91 107 118 122
37 39 49 66 88 119 120 142
36 42 100 101 120 123 133 140 142
47 64 76 89 103 107 123 125
0 9 79 107 136 140
7 16 39 51 54 71 84 104 130
3 20 60 75 93 99 116 120 124 128
4 8 53 85 92 103 116 136
15 41 60 61 66 75 102 108 122 135 139 148
15 17 34 44 45 66 76 101 105 120 126 136 138
1 5 25 30 53 70 92 116 135
1 8 18 23 70 83 84 92 95 106 125 130
36 45 63 76 89 97 104 119 120 131 141 149
15 35 52 79 80 87 91 105
5 18 52 59 71 97 119 124 131 148
15 31 46 97 105 107 124 125 141
25 46 48 65 72 90 128 137 140 147
1 13 21 24 27 31 32 54 68 79 102 111 114
11 22 37 43 99 114 123 135 137 148
81 82 104 110 121 122 128
37 38 56 64 68 117 144
4 39 53 84 91 102 127 140
9 25 32 33 50 83 146
21 28 40 41 50 71 76 102 128 131 133 142
3 12 17 18 23 25 30 49 88 105 111 125 131
14 29 63 103 107 133
7 20 26 38 47 55 68 85 105 122 141 148
7 16 28 31 73 111 123 124 138
1 16 50 65 72 78 82 112 118 121 134 138 149
0 1 3 32 36 38 76 83 86 99 110
16 21 24 33 44 55 87 89 105 108 134 135
3 6 24 34 44 47 121 134
8 14 25 31 40 61
29 44 51 62 65 83 118 131
3 4 13 32 57 64 65 67 74 81 120 122 130
18 22 27 59 62 63 64 77 86 101 126
2 13 42 54 73 106 108 119 122 134 137
5 56 82 97 101 111 112 119 145
1 34 60 91 97 138
7 21 70 77 82 112 118 131
23 31 65 77 87 91 100 124 136 137 146
29 42 78 81 103 126
0 63 70 120 121 122 137 139 141 145
13 33 73 75 91 95 119 125 149
0 22 29 61 67 87 89 93 95 116 124 130
5 16 64 66 68 77 85 102 111 120 133 146
9 22 24 45 57 68 81 129 131
29 32 65 66 68 106 109 115 123 127 138
2 16 20 34 62 79 87 137
42 66 69 95 97 115 120 128 136 142
0 2 7 29 33 81 87 89 96 97 139 141 147
20 32 50 54 102 110
19 31 58 65 77 81 82 104 116 123
4 7 56 68 78 84 85 90 93 95 119 134
24 26 34 44 50 64 85 95 100
8 17 41 54 58 59 63 64 67 71 79 100 130
26 28 47 60 68 82 95 111 112 130
17 25 29 32 76 86 121 147
8 49 54 70 84 101 120 124 126 144
5 29 57 58 79 94 111 120
12 23 27 77 101 137 138 142 147
15 16 19 32 74 89 119 142 146
25 40 64 69 72 74 86 93 101 121 130 145
4 23 41 102 111 112 120 137 138 145
4 7 103 108 120 121 131 138
11 25 33 60 64 65 67 74 80 102 107 142 147
9 25 27 47 51 57 61 92 101 118 125 131 141
35 44 50 67 70 75 76 78 94 98
7 31 37 69 92 102 126 132 135
13 19 22 55 84 114 138 140
3 27 43 47 49 50 56 119
5 7 24 49 62 86 97 113 133 139 142 147 149
14 40 50 51 100 102 110 113 124 128 135
16 23 61 64 71 73 78 82 90 101 130
7 45 69 90 106 124 144 149
4 8 33 39 52 68 76 109 117 122 131 144
7 29 46 63 81 89 108 112 114
9 16 50 78 112 119 137 146
25 29 37 53 56 78 89 124 127 145
25 30 67 107 115 136 142
28 31 33 43 46 59 72 74 80 93 124
2 7 32 42 43 46 96 107 114 130 143 146
4 22 34 37 48 52 83 84 116 121 135 146
11 26 64 86 92 106 108 114 116 122 124 136 146
0 30 41 46 56 87 108 113 120 131 133
8 56 82 85 92 93 127 132 139 145
23 37 46 60 61 76 83 100 115 118 124 131 146
2 13 16 30 99 136
30 51 54 111 121 122 124
3 13 14 16 17 29 47 50 57 85 88 113 140
13 16 28 43 81 93 120 121 134
4 6 17 50 75 87 92 107 112
6 38 41 50 58 114 134
1 3 19 20 50 73 80 99 103 109 121
22 48 60 108 116 132 144
18 22 23 32 66 70 72 82 99 111 121 122 131
26 47 66 86 95 129 133 138
13 25 28 72 76 109 115 135 138
6 11 12 18 44 45 54 60 79 119 124 125
27 37 68 71 92 106 124 143 145
20 48 57 74 81 107 123 124 130 146 148
16 53 66 78 101 115 119 122 128 135
18 62 74 111 118 125 134
4 28 62 64 99 128 131 133
31 32 51 52 68 74 78 87 109 125
15 20 45 50 79 104 112 114 126 138 142
6 22 23 64 71 84 87 91 111 132 143
2 39 44 54 60 84 87 95 99 108 136
5 17 59 68 74 81 84 100 103 124 145
18 37 50 57 82 95 102 115 129 139
2 5 18 43 75 86 90 100 101
23 42 61 96 124 129 149
15 63 67 90 94 106 131
25 29 58 82 87 140
42 43 56 90 113 120 121 122 125 131
3 5 37 68 82 99 112 114 128 132
5 50 59 83 87 93 95 118 126 139
15 27 40 50 52 61 72 91 93 120 123
27 32 65 80 102 108 118 126 145
13 20 39 51 61 73 93 100 105 136
21 23 25 52 54 63 82 94 97 122 138
9 31 33 41 52 67 80 93 102 132 148
1 12 24 26 45 57 109 113 116 143
18 35 76 83 85 101 127 132 142 145
4 21 75 78 110 134 142
14 18 31 51 67 82 93 101 112 129 134 141 143
42 52 66 77 86 88 107 112 137 141 149
2 27 28 37 43 47 64 67 68 79 121 125 128
3 34 36 66 84 90 99 100 106 148
12 56 72 78 80 91 102
0 14 43 69 120 132 134
27 53 72 91 101 119 131
7 32 49 57 61 71 77 83 101 140
1 25 31 39 44 69 87 117 120 122 149
6 9 14 23 51 52 63 64 68 82 104
15 19 35 47 67 77 108 113 119 123 131
29 48 58 68 77 81 83 115 143
7 22 31 32 82 90 98 101 112 113 119 123
35 59 67 90 115 117
9 11 48 63 69 74 92 105 112 114
6 46 49 59 61 62 93 103 125
0 11 16 26 47 50 67 86 89 131
24 33 45 73 87 111 119
61 67 76 108 126 138
16 17 21 25 27 51 55 89 98 104 117
52 58 94 108 118 119 127
8 30 36 77 123 137
6 29 33 58 98 114 148
11 18 29 40 80 82 104 120 123 125 129 132
15 20 76 103 130 134
34 41 73 86 98 132 135
12 18 44 60 66 85 92 106 115 137 140 141
2 8 42 78 105 143
5 13 47 51 68 84 116 119 140 141 143
1 8 16 44 55 62 89 93 106 123 128 130
21 57 64 88 97 110 136
1 22 38 39 43 46 47 63 69 96 97 101 103
9 12 34 44 64 73 90 105 110 127 128
57 66 81 98 113 115 121 128 141
0 9 16 24 84 89 96
30 46 49 55 59 95
9 31 35 47 62 74 79 85 90 94 114 123 137
2 19 37 44 61 73 77 83 91 94 107 147
53 72 87 98 126 139 141
26 27 28 44 75 108 136
2 18 22 44 71 87 93 97 110 112
45 56 80 93 111 114 118 141
8 26 34 60 86 107 113 124 126 128 143
8 10 27 39 47 103 124 127
28 52 71 76 86 117 118 123 124 147
2 22 34 44 48 49 71 84 98 103 117 134
4 31 32 60 66 68 83 99 106 132 145
1 8 37 50 56 59 70 72 77 95 97 124 140
26 33 43 49 85 94 122
18 19 36 40 42 45 77 81 95 104 110 141
17 26 38 44 45 55 81 83 141
11 40 94 119 130 135 144
7 9 31 47 70 73 77 88 116 128 131 142
17 20 28 75 92 93 95 130 131 140
4 22 48 53 73 90 91 103
13 19 65 85 88 91 105 106 107 116 129
17 21 59 72 73 111 119 127 138 139
14 15 60 112 113 136
26 36 52 66 108 141
11 39 90 91 97 102 135 136
11 14 50 75 88 90 110 123 144
11 18 47 73 95 96 97 105 112 122 129 142
22 30 31 74 82 85 90 91 94 129 137 143
13 17 24 42 50 68 79 82 90 114 124 130 135
2 5 6 19 69 85 89 101 113
22 37 51 59 64 121
15 19 33 38 106 108
46 47 82 90 107 136 146
60 72 79 83 97 114 116 133 142 144
3 13 64 73 80 110 112 133 143
19 42 43 72 81 117 128 146
23 32 35 44 64 66 88 91 92 122 124 132
34 36 52 54 63 67 71 80 87 101 106 110 148
2 36 38 47 55 71 76 82 84 99 121
41 72 73 75 91 98 103 111
14 15 66 78 93 95 108 129 139 148
6 22 33 39 41 68 82 85 101 105 109 142
8 13 24 30 44 48 74
5 7 80 100 104 143
0 7 12 29 37 75 85 87 117
40 50 59 62 80 147
30 32 46 54 65 73 82 96 123 131 140
14 55 89 98 107 114
28 45 48 65 71 101 112 144
26 37 42 44 62 88 112 129 140
20 32 37 38 42 66 77 101 116 123 134
5 42 50 51 53 86 92 103 107 121 122 124 130
6 16 17 35 53 105 106 116 119 127 129 135 143
18 30 46 54 80 97 104 109 113 120 126 140
29 87 97 104 116 118 119 123 135
2 13 17 20 31 36 69 78 89 104 141
26 42 46 76 93 134 138 140
11 29 62 68 94 108 115 119 135 138
16 20 38 85 95 97 143 145 146
0 2 9 63 65 95 96 100 131 134
14 52 65 83 84 92 110 114 128 131
16 42 43 60 61 68 97 108 121 126
13 14 42 51 113 118 127 131 134 140
4 12 17 18 23 42 86 93 127 131
5 8 12 20 40 66 68 93 145
7 29 32 41 72 84 119 122
35 48 98 108 128 133 142 146
16 26 30 36 39 46 61 77 86 92 94 136
32 35 37 38 69 77 85 88 91 101 127
47 54 93 97 127 143
19 22 49 57 66 109 119
19 36 48 87 114 131 144
19 20 22 29 85 87 97 110 131
17 41 48 49 58 69 84 120 124 131 148
3 7 13 26 34 41 52 58 71 86 94 103 109
9 58 71 78 98 103 110 117 118
50 51 62 64 66 70 78 92 98 103
17 38 43 76 90 98 103
12 17 22 35 99 113 119
4 61 62 75 78 117 146
9 22 35 49 60 71 86 87 112 145 146
22 56 73 92 119 136 144
8 11 15 32 34 40 55 95 97 111 114
8 13 25 35 47 60 66 78 83 86 102 130 148
7 35 41 58 99 111 113 119 133
2 39 44 67 76 88 94 95 106 118 122 130 148
1 18 59 68 89 95
16 22 41 92 98 111 114
21 26 44 63 70 76 81 95 98 110 114 140
7 29 40 61 72 98 109 125 126 145 148
6 17 19 21 36 84 100 102 114 122 131 135
8 34 40 106 129 148
56 58 63 90 108 145
1 5 12 35 55 61 103 121
2 34 44 48 61 69 90 110 134
1 22 29 43 46 52 56 88 108 112 115 124 133
5 24 25 39 51 60 70 74 90
7 15 18 20 52 65 83 87 93 101 113 129
11 15 18 23 45 78 80 83 110 121 142 147
19 36 44 50 61 71 75 125 132 147
48 50 66 67 76 109 130 148
40 46 49 75 80 82 92 112 120 146
6 10 15 30 56 59 69 89 120
0 10 28 45 56 59 63 85 104 107 108 128 149
0 19 36 42 43 69 88 90 105 106 121
12 13 24 26 64 86 110 119
9 22 42 64 73 82 87 96 104 110 143
26 29 60 75 120 123 147
13 15 17 29 33 47 48 66 72 137
4 42 60 72 117 137 145
21 30 35 36 46 51 57 123 127
3 8 25 42 46 73 87 117 138
9 25 33 36 42 51 57 63 80 130 145
14 16 42 54 55 67 70 79 131 144
20 34 41 44 60 114 118 132 146
17 19 22 38 48 51 55 72 76 110 114 142
3 41 60 77 87 98 119 127 137 144
14 17 44 52 53 76 89 92 96 132 149
16 45 87 88 97 102 108 133
9 23 67 83 86 93 103 104 107 143
22 23 33 59 70 82 92 96 125 135 144 149
13 24 51 79 125 134 139 142
15 55 92 96 111 124 134
46 47 52 56 75 77 80 101 147
4 7 40 47 57 73 74 85 94 119 137 139
21 26 29 39 59 74 80 92 107 132 139
17 19 95 98 121 129 131 140
4 45 47 58 88 111 144
6 40 41 58 63 67 93 110 127 140
11 64 71 87 90 99 123 139
0 5 6 12 63 100 103 106 115 121 123 137
2 9 32 51 54 55 58 104 119 120 121 127
41 90 92 94 97 101 146 149
15 18 31 40 66 81 97 107 111
24 37 46 48 65 79 86 90 137 142
18 26 35 38 39 51 72 81 84 106 108 135 138
44 83 93 111 142 143
2 21 84 93 96 98 102 114 124 126 127
2 26 65 94 109 127 134 146
25 30 33 46 59 63 78 79 106 109 121 125 132
12 16 18 22 46 68 72 87 91 127 148
20 24 86 122 145 148
43 50 60 105 112 132 138 145
1 51 54 64 69 84 106 115 119 122
64 118 126 134 146 147
28 37 38 46 51 53 72 73 89 101 123 149
3 14 26 30 42 57 80 118
2 18 25 58 62 71 100 108 132 134
42 65 82 135 143 146
0 5 8 25 27 31 35 39 72 96 98 120 146
10 60 62 78 84 123
6 10 34 50 66 95 128 147
19 28 36 46 52 80 129 132 137 142 143 146
68 70 83 99 119 128
2 15 21 49 58 60 76 80 109
4 32 98 108 122 142 146
2 21 29 31 43 44 79 89 101 119 121 131
9 23 86 117 123 135
2 6 30 31 34 47 50 59 73 111
6 39 46 72 73 95 121 145 146
17 30 59 66 71 79 90 91 111 119
25 42 95 98 123 130
31 40 49 64 67 77 129 144
9 48 73 81 83 112 117 125
26 27 50 51 63 64 79 111 115 119 123 138
11 16 36 39 48 55 77
12 14 44 50 53 61 87 96 115 123 135 148
0 2 36 50 62 74 91 93 103 106 111 119
13 40 44 47 49 54 83 84 86 93 94 99 140
26 37 39 58 98 101 103 112 136 140
0 2 17 20 21 29 69 99 124 149
52 70 74 117 136 149
17 19 26 29 48 61 68 110 125
26 36 42 53 64 82 111 133
23 36 44 59 88 91 110
23 30 43 49 50 53 70 99 122 123 133 134 142
1 27 33 74 78 82 104 122 132 134
4 46 78 82 90 128 145
3 15 50 65 74 85
28 29 36 68 71 74 83 92 96 99 129 137
10 20 33 40 62 67 70 84 96 97 117 143
15 32 33 53 74 79 99 106 114 135 137
0 7 11 24 42 51 77 84 88 93 125 133
0 28 41 47 69 112 115 119 125 128 137 144 147
40 43 63 100 107 112 133 144
30 31 45 62 72 74 115 124 126 132
9 16 18 32 61 66 79 86 132
42 44 74 77 81 110
17 19 38 84 101 109 129 133
21 36 49 56 95 96 114 120 121 124 134 144
10 17 52 56 64 66 80 107 113 121 125 133
3 9 18 38 49 72 78 79 112 116 121 122 149
5 7 14 16 28 34 63 79 91 99 101 103 105
28 29 69 76 84 127 137
11 39 40 49 57 94 101 117 120 123 128 137
4 27 35 39 40 41 68 74 101 114 131 143
39 45 54 75 87 95 107 110 112 131 145
14 26 45 46 53 62 95 100 112 115 128 147
6 16 50 57 78 91 93 99 109 121 122 126 142
14 38 57 66 91 108 117 144
7 38 40 51 76 114 119 129 130 145
56 61 63 95 102 110 129 136 147
1 56 59 85 101 112 135
29 36 39 64 81 86 117 138 139 141
24 29 31 39 41 75 78 94 117 128 134 138 142
44 76 77 104 121 142
4 11 15 18 19 40 59 62 67 90 131 146
26 31 40 43 55 66 71 77 127 140
18 19 57 65 75 85 87 109 130 133
23 40 41 48 49 58 66 67 69 70 99 133 134
0 7 9 29 40 55 73 74 102 103 106 112 128
4 16 27 31 33 35 56 87 133 134
16 21 42 54 63 67 90 99 110
14 40 60 68 77 80 84 102 135
8 11 34 35 52 63 66 96 109 111 124
17 41 54 61 80 86 97 113 118 131 142
4 23 69 98 115 132 136 138
8 11 44 54 59 61 71 86 107 143
41 87 89 107 115 126 130
23 27 43 47 64 85 112 126
16 27 85 89 92 95 99
17 24 26 44 81 100 109 112 125 128 143
23 33 39 73 98 101 124 125 137 138 149
26 40 49 52 92 114 129
2 32 66 67 89 90 113 116 118 128 139 140
12 22 53 66 80 99 112 117
60 66 99 105 109 130 139
8 19 48 65 70 94 102 136 140
13 23 50 61 69 77 91 97 101 107 118 122 135
23 24 77 95 107 129
64 69 70 72 84 103 122 128
26 69 75 79 91 94 104
0 1 27 31 54 63 67 77 78 86 117 119 123
4 11 16 22 38 42 61 75 97 103 105 121 135
4 29 30 49 54 68 73 113 119
13 18 21 36 43 75 77 84 112 115 118 139
25 46 58 62 72 73 74 85 90 112 113 129 136
11 13 19 25 31 33 56 57 59 75 97 131 148
0 32 42 52 66 76 93 135 136 139
2 10 16 18 34 65 67 73 85 95 109 124
42 56 93 111 113 121 137
1 7 16 25 35 73 75 113 133
1 40 41 42 78 86 106 114 115 127 135 136 139
2 6 46 60 84 101 102 120 139 141 143 145
23 27 61 82 85 98 111 119 121 145
8 23 40 42 63 65 70 77 97 113 122
19 21 31 43 47 66 69 71 108 128
4 5 34 48 75 89 90 119 120 138
25 57 63 70 72 75 76 79 90 95 116
3 20 21 65 95 123
4 10 18 20 43 45 47 87 106 123 133 144
5 19 40 45 88 107
0 21 32 41 54 57 60 66 76 86 97 115
5 17 31 32 38 66 70 73 74 77 106 131 149
5 15 48 71 75 80 83 131 142
4 10 22 23 41 57 73 109 130
10 54 64 92 95 112 136
3 6 23 28 68 87 98 108 109 128 139 140
7 12 17 23 47 54 72 109 110 124 126 132
31 39 43 72 91 94 146
17 21 28 33 49 62
2 37 39 73 75 100 125 136 145
24 42 46 57 68 81 82 93 122 132 138
2 15 39 49 58 90 99 115 118 133
20 26 47 51 57 67 96 99 108 126 137 139 142
14 32 55 56 81 91 109 114 130 148
15 25 79 82 91 95 110 127 148
1 26 77 88 101 108 129 138
17 23 98 102 103 135
22 45 54 61 67 68 105 112 116 129 144 146
32 34 72 78 94 99 101 106 108 120 124 127
10 23 28 36 48 55 56 95 107 124 131 138 145
4 20 61 73 85 97 114 116 122 124 142 145
7 29 31 59 74 84 127
14 37 38 52 54 81 93 115 128 137 139 142
12 27 45 50 80 91 99 139 145
16 64 95 109 117 138 139
2 9 26 28 30 68 77 141 142 147
13 19 21 35 39 41 43 44 52 53 93 105 148
20 28 33 36 62 78 92 122 123 146
67 76 101 116 121 122 130 132 133 137 139 147 148
1 18 33 42 52 93 94 101 103 110 116 119 143
46 47 72 81 87 101 103 110 117 119 124 134
3 33 45 53 61 128
2 6 43 60 71 72 81 83 96 104 113 122 129
2 12 30 35 50 53 58 68 80 113 124 141 145
12 31 58 65 87 99 116 139 145
1 13 21 43 61 80 85 115 126 143
7 17 25 28 35 44 76 90 126 142
8 26 28 35 44 45 52 101 107 128 143 146
15 68 74 83 88 99 110
20 41 48 66 93 103 127 132 137
23 34 77 81 82 88 89 91 93 109 121 127 130
3 39 53 66 67 81 109 111 114
20 31 58 68 78 83 107 148
3 5 10 19 28 40 42 69 81 123 132
1 13 24 49 93 95 115 122
13 25 78 101 126 143 146
14 23 65 66 83 88 121 130
24 68 105 117 140 143
22 38 40 59 65 72 90 121 128
12 26 51 57 70 104 105 109 113 120
20 29 31 41 44 57 63 69 72 73 78 128 130
61 114 116 122 127 136
27 28 44 59 62 77 80 108 113 125 126 133
9 13 46 57 94 97 135
3 14 30 31 37 48 57 80 92 102 123 135
3 26 47 85 87 122 124 142 143 148
6 13 53 65 67 72 93 102 106
7 44 62 83 94 100 112 118 122 125 142 147
4 43 64 66 70 76 102
3 16 42 43 66 75 81 117 119 138 139
1 4 10 13 22 32 58 76 108 133
31 35 37 46 52 57 69 73 123
14 30 37 43 74 105 116 117 123 149
16 18 64 79 100 122 137 145 146
3 16 29 52 60 76 93 118
6 81 87 102 111 118 127 145 146
20 60 65 69 86 91 92 102 123 125 130
3 10 11 31 60 67 69 88 129 137 146 147
19 70 91 98 113 115 123 135 145
2 4 7 12 26 83 94 115 129 142
3 25 66 67 71 86 100 105 111
10 44 51 68 131 135 142
16 43 54 61 69 77 87 92 109 114 135
18 70 77 82 88 97 139 146
0 25 27 47 59 61 95 108 114 120 123
20 26 28 34 36 41 43 49 51 52 53 61 77
31 49 91 133 137 148
0 1 19 94 99 130 138 144
49 50 51 64 75 79 83 87 88 97 103 143 148
6 65 67 79 81 83 85 95 101
10 47 53 56 66 75
3 11 26 42 55 69 74 99 115 131 145 149
3 13 47 81 90 92 95 106 108 117 143
1 11 19 26 31 64 119
2 18 60 82 84 95 116 135
15 52 58 66 75 79 101 103 105 115 127 130 145
50 87 98 99 138 148
12 25 28 45 69 98 105
7 12 14 27 59 69 96 117
43 55 58 68 80 83 84 93 126 135
10 13 32 41 59 84 102
23 33 53 58 64 69 83 99 108 109 118 127 147
28 79 92 101 105 117 135 139 146
7 25 64 74 84 86 92
27 33 62 75 76 89 90 93 98 99 125 128
16 55 69 71 73 86 113 121 128
4 61 71 74 97 114 119 141 145
7 40 44 46 62 115 148
28 31 43 81 86 94 111 121 149
32 40 67 103 109 121 125
8 15 16 60 66 70 76 149
1 40 41 49 52 53 72 94 123
14 18 37 42 56 66 93 105 109 113 121 128
24 61 98 103 111 114 128 149
2 16 49 65 104 114 129
5 17 30 37 75 79 83 85 140
33 37 52 60 75 83 84 107 123
1 21 52 57 67 72 128 139 142
24 32 40 66 73 138
29 44 52 65 95 122 141 148
1 5 70 113 134 135 139 140
15 21 51 89 102 147
7 44 47 75 77 80 91 101 102 117
1 4 10 15 21 39 43 74 90 98 124 140
22 43 65 67 83 101 107 119 121 132
29 30 45 52 56 67 72 83 113 121 132
8 12 26 51 52 54 73 79 124 146
22 48 60 68 69 106
1 14 22 26 33 53 60 92 97 140 145
15 22 53 56 57 64 68 74 109 116 128 148
14 17 31 58 59 81 86 89 94 95 145
2 14 28 63 87 91 94 122 129 138
16 17 37 38 45 46 87 99 102 124 139
20 29 45 50 52 66 67 84 101 106 107 120
9 48 84 106 146 149
33 44 48 58 62 111
11 62 78 82 86 88 101 141
6 9 35 37 41 52 74 89 109 112 138 142
0 2 18 28 41 46 67 70 104 118 126 127
0 11 29 48 70 100 102 114 123 127 146
4 16 27 31 41 50 76 86 99 102 115
81 95 103 130 134 140 141 147 148
4 40 46 63 105 106 115 147
13 22 24 45 64 71 88 125
46 55 68 79 84 85 88 98 102 140
14 30 48 53 74 77 96 103 123 142 143 145
6 9 16 30 41 68 82 83 115
20 21 27 49 62 76 78 127
23 30 53 73 129 136
21 29 46 49 55 58 97 109 111 112 142
3 28 29 36 68 72 91 97 116
31 32 35 48 87 127
24 25 29 50 63 71 112 124 135
19 21 29 32 54 55 62 64 76 93 98 105 130
14 18 21 25 66 67 83 94 102 112 116
14 32 76 88 101 105 107 140
10 11 77 93 94 113 121
47 56 82 97 124 138 144
49 73 83 87 101 104 129 140
29 40 46 55 61 74 96 117 131 146
38 76 86 129 136 138
13 29 47 64 74 116 147 149
2 8 39 67 73 77 85 143
17 34 43 50 83 84 86 131
11 51 56 68 83 107 118
9 27 61 77 79 87 94 97
10 25 28 60 67 136 146
31 39 40 53 56 64 99
9 30 67 72 84 109
1 9 32 36 52 54 58 59 67 69 78 122 140
15 17 25 31 38 89 102 105 133 136 138 148
5 37 48 57 63 68 86 90
0 1 12 24 25 28 29 37 67 79 84 112 127
5 57 61 64 99 109 121
57 63 108 118 125 138
10 17 35 37 71 93 119 134 136 140 141 149
1 7 8 9 33 38 46 48 51 53 55
8 11 12 16 49 56 83 114 123 137 141
30 32 47 55 69 75 79 89 93 100 147
6 9 24 39 73 77 114 115 145
3 11 23 26 63 108 111 113 126
9 41 45 49 53 56 63 93 98 103 112 142
12 16 76 110 130 140 148
13 21 53 61 73 80 86 91 104 116 125
20 24 31 42 52 61 70 74 94 106 149
