0 1 4 28 30 50 65 77 81 103 122 127
24 37 38 49 84 116
18 86 116 119 137 143
17 30 31 57 61 63 73 75 86 109 112 142 145
13 16 31 32 39 79 84 93 102 141
10 30 38 46 47 70 79 84 89 113 118 128 144
1 8 9 15 56 65 78 95 96 107 113 125 138
18 25 40 65 80 84 97 101 118 124 133
22 36 37 59 80 92 96 103 137
26 29 35 37 65 74 93 118 120 128 130 138
17 62 71 94 107 116
0 3 11 12 17 41 98 116 138 145 146
10 12 48 54 62 80 107 113 118 124 127 147
20 45 59 60 96 103
21 23 44 61 81 84 101 121 123 136 139 144
5 7 13 37 39 53 54 56 67 87 89 130 133
2 57 74 111 129 131
7 9 10 19 62 112 122 125 128 129 136 137
14 57 74 76 93 94 100 103 121 126 137 141
25 38 53 100 132 149
32 34 46 73 88 101 103 116
28 65 86 88 105 115 127
23 54 55 64 82 83 113
21 26 27 28 34 37 47 96 134 143 144
13 51 61 99 109 111 112 140 145
13 18 21 34 37 39 74 82 94 107 144
1 34 73 81 89 93 116 119 129 144
18 22 50 51 57 83 116 117 123 124 129 137 146
7 31 47 70 85 91 110 116
2 23 42 53 94 106
2 15 27 107 118 119
6 75 88 100 104 117 127
7 25 29 33 34 39 60 61 82 123 128 137
8 11 68 75 85 96 101 105 112 114 141
12 31 55 75 86 96 100 120 126
3 18 59 84 90 111
18 31 61 102 119 140
1 2 4 22 23 54 61 81 103 138 147
2 8 23 29 33 107 109 112 119
28 46 63 72 86 90 102 112
21 60 66 68 71 94 124 125
29 35 36 84 96 120 121 127 139 140
1 19 44 45 93 106 116
16 28 45 59 74 114 145
17 23 39 41 58 67 82 83 90 99 149
4 48 52 64 112 120 131 147
19 23 26 27 45 77 79 111 123 126
9 20 22 54 59 80 97 102 113 130 133 135 147
22 36 42 125 141 144
27 59 73 74 87 93 105 111 117 122 125
9 12 33 38 41 60 106 110 113 115 143
20 37 52 93 124 142 145
24 45 49 61 81 82 99 100 102 114
0 22 24 63 79 146
8 21 36 42 58 62 66 95 97 99 142 143
6 11 56 59 73 82 106
16 18 25 35 45 49 82 117 120 135 141
1 11 33 65 80 137
59 64 112 122 123 132 139 140
13 28 57 58 67 110 114
8 42 72 76 91 106
19 20 35 49 82 86 103 119 137 138
23 24 30 32 65 75 103 104 112 116 123 131 134
13 19 25 74 81 87 107 108 112 131 133 144
21 28 34 42 56 59 104
11 71 74 81 86 104 114 134 142 148
22 38 43 73 98 99 125 138 149
4 66 84 101 108 111 125 135 138
5 11 22 33 46 60 112 115 146
14 21 30 36 39 62 66 75 119
3 6 26 45 73 83 111 120 129 132
17 25 26 69 138 139 141
5 24 30 65 66 84 123
30 74 88 91 101 108 130
15 28 42 57 73 87 103 106 124 125 132 148
13 26 73 102 112 115
3 17 56 61 76 80 81 105 121 123 148
25 37 41 45 49 55 75 85 100 112 121 140
4 33 61 77 93 112 122 136 138
11 16 20 84 88 131
9 44 58 63 76 101 108 111 116 118 124
7 10 12 22 30 69 92 126
5 8 9 22 30 37 61 70 81 105 109 112
8 13 39 52 53 58 68 88 94 96 98 111 115
24 25 56 66 68 100 118 127 128 130
0 26 37 44 46 47 80 104 123 129 148
10 36 38 58 71 77 124 126 131 133
8 36 57 69 78 82 86 89 95 126 139 143
20 21 52 53 72 80 89 103 114 121 135
15 18 20 30 39 121 149
3 4 25 40 44 62 70 80 84 95 121 137
6 12 23 33 38 40 53 55 63 91 115 116
2 12 40 55 57 72 84 90 114 127
11 17 30 68 87 110 118 124 129 138
21 30 57 82 91 112 116 120 123 133 149
9 36 71 82 124 145
3 13 26 48 49 53 59 71 77 104 129 131 133
7 9 68 132 141 142
20 61 65 81 85 86 93 96 111 115 119 132
27 65 86 92 94 110 120
30 38 49 51 129 140
10 61 70 106 108 111 113 133
0 45 60 69 102 108 117 118 126 127 137 146
0 9 47 54 74 76 81 115 127 131
15 16 71 98 99 103 110 112 113 114 139 145
0 31 48 65 98 101 103
0 59 75 105 113 143
2 13 19 45 46 53 78 134 136 137 139
0 7 14 28 67 91 107 135 144
11 15 22 28 53 62 67 88 107 120 122 130
31 32 46 57 62 80 100 101 111 114 120 145
31 58 59 66 102 138
19 64 66 75 77 83 93 143
7 15 27 30 60 69 81 87 96 102 115 127 134
5 13 22 56 85 99 108 115 120 131 134 146
26 37 47 66 68 73 78 100 129 138 140 146
9 14 16 52 57 67 69 76 117 133
24 43 93 110 127 143
21 24 37 78 96 97 132 133 139
18 26 31 41 56 65 120 134
8 11 18 28 32 35 45 94 128 143 146
43 47 60 105 123 124 134 149
6 22 27 46 89 103 107 113 148
2 20 33 73 102 125
1 44 51 52 102 125
3 9 41 56 63 69 77 85 88 96 124 142
23 44 55 65 79 85 122 137 147
23 44 88 91 109 131 132 134
18 50 73 85 108 142
4 19 58 70 72 79 129
28 32 95 101 105 113 128 134
8 19 72 118 129 142
54 65 70 79 103 104 114 123 129 132 139 149
6 21 34 35 56 71 88 126 132
4 33 47 53 62 64 85 125 140 145
11 20 54 57 109 121 138
29 36 41 61 74 83 88 92 93 118 143
1 8 32 60 98 143
0 10 47 49 63 68 73 83 88 98 115 131 143
0 32 48 56 79 82 108 135 138 143 149
25 33 45 48 76 112 115 128 137 145
13 23 27 34 49 75 77 90 97 100 101 124 135
17 21 23 29 40 51 52 60 62 146
5 46 70 73 91 96
0 8 67 80 102 105 115 118 134 140 145
48 63 64 69 71 103 140
12 23 25 30 42 45 55 93 133 142
12 23 77 88 100 123 145
6 43 51 64 66 77 99 103 128 140
0 12 13 17 44 69 105 107 111 145
2 6 8 17 82 111 117 128 137
5 14 26 31 66 87 89 90 122 141 144
4 16 63 65 85 96 106 118 126 135
1 54 69 101 102 139
27 31 39 41 53 58 59 61 65 88 92 115
2 21 37 39 53 83 87 91 101 124 133
13 15 37 59 78 80 102
3 10 14 52 63 70 83 85 119 127
0 23 41 46 75 107 130 149
2 7 33 39 49 50 55 86 99 107 119
28 32 33 42 44 60 64 95 107 117 132 143
11 20 28 33 36 64 81 82 90 106 112 137
10 13 42 52 59 77 78 102 108 111 146
24 39 41 65 66 83 115 120 132
17 36 37 38 47 72 76 100 129 130
49 84 86 115 135 149
3 8 14 15 27 32 40 75 79 87 115 117
1 22 38 43 69 73 86 88 89 108 109 111 124
14 28 29 37 40 78 105 108 110 126
5 35 55 76 93 94 142 148
25 29 30 37 41 42 76 85 95 129 143
18 30 34 63 81 90 130 131
0 22 50 65 99 114 132
30 59 66 74 101 127
0 25 29 44 85 106 123 128 129 138 139
13 18 19 51 67 83
57 65 67 111 124 135
17 35 49 56 82 120 121 129
6 26 27 47 57 61 63 68 69 106 111 127
4 8 11 21 53 55 58 68 99 126 143
7 9 27 40 50 75 82 109 119 123 127 132 139
7 20 40 57 66 84 99 126
6 19 31 32 35 67 121 141
12 31 44 95 102 126
2 35 40 42 76 133
12 27 67 71 77 78 89 109 136 137 148
39 43 57 68 71 103 106 108 110 116 117 144
12 19 57 77 83 87
23 25 29 37 76 101 115 126 133 135 149
14 52 65 73 119 147
31 46 54 55 81 104
20 53 90 98 99 104
22 25 32 81 93 101 111 119 123 129 131
6 39 84 87 91 102 127 142
1 19 21 82 95 109 117 141
3 16 26 80 95 139 143
25 26 30 53 61 79 100 111
32 38 39 44 54 78 94 98 109 126 133 146
5 6 8 67 72 81 83 91 95 106 112 120 149
14 27 28 73 86 97 99 116 126 127 131 148
25 34 35 45 52 54 65 71 75 104 138
6 11 18 49 86 98 107
16 19 36 43 66 73 86 120 122 138 139
0 24 28 33 101 111 125 140
40 46 95 140 141 149
11 25 58 69 73 81 86 144
0 2 17 21 25 38 45 51 59 107 111
0 7 8 71 72 81 86 119 145
26 51 61 70 105 115 146
1 6 7 21 22 42 52 62 74 87 91 95 125
8 18 36 45 46 54 83 94 110 121 143
8 23 32 34 63 67 78 79 99 101 106 120 126
17 43 48 83 85 134 135
15 32 41 43 49 76 86 124 143
21 37 47 49 54 68 78 87 88 137
41 43 44 53 92 122 123 137 143 144 149
3 7 15 47 87 95 114 136
32 40 76 87 132 147
6 56 64 79 80 115 139 140 144 145
20 26 32 58 67 71 98 110 116 141 144 145 149
2 3 66 69 71 81 90 102 133 135 144 148
22 28 29 33 73 96 128 129 135 149
3 9 12 15 23 36 41 58 65 70 95 141 142
41 83 93 130 132 134 135
18 22 47 68 105 123 124 138
1 2 7 18 28 63 88 103 112 117
9 36 47 98 127 131 136
2 8 11 42 62 67 77 84 100 104 125 132 141
31 66 89 106 118 127
0 28 43 47 77 78 83 95 104 123
17 25 34 48 65 67 80 97 123 128 136 143
15 32 49 88 101 123
50 52 77 105 125 126
4 7 17 26 42 67 100 107
0 2 63 72 74 84 109 130 142 148
2 11 24 61 62 114 135
11 13 20 25 29 42 57 73 75 89 132 149
16 19 21 45 61 125
1 6 11 28 36 80 90 95
46 64 73 91 92 101 121 136 146
8 20 43 48 55 63 74 135 136
2 3 21 22 86 111 112 120 132 138
0 40 41 55 74 78 83 91 92 106 133
0 2 26 29 68 104 112 122 135
6 21 51 66 101 126
4 20 22 24 91 99 109 110
1 21 39 58 84 88 90 103 124 140 147
0 11 48 86 92 94 95 115 141
9 17 45 99 115 143
9 19 52 70 72 77 91 109 120 121 125 140
7 13 43 51 52 55 72 74 90 94 104 117
11 14 19 22 74 93 108 126 146
2 10 17 29 35 39 76 77 89 92 94 127 147
2 21 23 25 28 64 67 85 97 99 100 131
2 16 24 57 93 105 124 141
22 62 68 75 91 110 128
1 43 52 61 103 132
27 47 56 59 65 97 98 108 109 121 128 129 142
8 12 27 37 54 112
31 37 38 95 98 115 132 134 137 140
4 5 13 15 32 38 54 75 80 109 111 113
1 8 19 33 80 91 113 114 117
21 22 23 31 50 63 71 74 85 97 102 120 130
27 47 67 109 119 120 132
9 16 61 81 117 126 143 149
4 5 6 34 41 55 78 85 87 95 115 129 144
32 33 55 86 108 115 117
1 16 31 49 85 97 116
22 31 40 45 48 51 59 72 87 113 124 149
16 17 32 45 53 55 145 148
2 11 48 58 69 75 106 107 124 128 148
41 50 85 98 99 124 134
23 51 52 65 67 73 95 98 116 121 122 132 143
9 19 24 27 49 70 97 125 142
5 40 49 55 81 97 117 131
2 4 23 38 83 86 93 95 110 114 144 147
42 52 56 87 109 130
0 6 48 66 72 90 93 94 111 116
14 15 16 24 32 34 46 117 132 139 141
4 28 68 77 90 142
4 5 9 77 80 82 87 104 131 138 141
29 32 51 65 87 144
6 22 28 31 33 42 59 73 84 97 116
1 6 8 16 20 26 30 46 65
18 44 47 59 88 100 103 109 116 139
17 46 56 61 64 67 97 99 102 107 112 118
3 36 55 57 85 107
28 41 47 67 92 111
3 6 20 52 94 99 140
16 17 59 63 78 98 102 113
2 13 56 83 109 115 116 126 143
9 11 36 51 55 64 74 77 81 98 128 131
25 26 35 48 53 62 73 88 111 114 138
14 28 44 47 74 78 93 96 105 133 135
6 10 19 35 61 92 142
12 21 56 81 98 110 124 133 142
0 7 12 28 29 34 46 121 123
39 52 54 56 59 107 112 118 123 124 139 142 145
9 31 38 51 53 102 134
19 47 73 81 89 90 96 114 134
49 52 70 72 78 149
5 30 38 53 64 72
1 8 15 18 46 53 60 68 105 117 132 140
3 8 16 46 79 91 116 121 133 134 139
34 42 74 75 90 93 103 109 126 131 136 147
2 11 50 52 61 143
14 39 40 60 72 85 98 125
3 7 12 51 54 64 84 118 127 137 138 144 145
0 13 15 21 30 41 60 66 75 92 118 137
14 15 18 49 61 64 68 82 90 118 124 138 147
1 38 51 52 79 81 83 133
21 32 41 58 73 86 100
2 17 22 26 30 41 46 53 85 95 108 119 142
14 15 33 43 58 63 90 94 113 123 140
9 21 23 36 53 88 91 94 134 144 147 149
22 30 32 42 51 111 121 136
1 39 72 87 97 109 113 115 117 124
50 53 62 65 83 91 100 126 131 135 136 138 139
30 36 56 78 84 93 119 133
0 11 46 59 60 68 94 104 112 115
21 24 27 29 54 68 77 84 102 105 137 138
35 46 61 67 75 80 89 95 99 103 109 132
32 40 43 74 93 116 133
16 17 47 62 79 92 94 107 144
26 27 113 121 130 139
8 20 35 44 78 117 118
2 25 41 54 66 78 81 84 99 127 130 132 139
0 13 18 32 52 62 89 114 116 126 128 136 148
42 49 97 104 112 115 118 128 132
2 16 27 53 58 62 63 94 102 107 124
0 28 41 64 94 104 144
37 50 78 83 104 135
21 24 26 31 45 52 72 94 128 138
4 13 15 37 69 75 94 102 104 139 149
11 21 24 27 28 30 47 68 91 108 145
33 35 45 69 78 86 88 93 130 134
7 19 30 32 40 44 86 89 102 105 112 122 136
6 36 85 86 96 114 132 134
24 31 58 61 66 102 141 145 148
11 91 99 106 133 144
3 19 27 42 71 86 93 96 122 126
0 9 67 75 86 87 101 129 143
0 14 22 23 24 69 111
13 16 39 67 109 111 114 117 131 132 141
6 35 36 56 59 74 87 90 124 134 148
14 26 29 61 66 74 112 115
23 28 33 46 49 78 92 98 102 104 107 111 123
3 6 19 30 36 46 87 100
20 21 39 43 52 88 106 122 134
7 115 120 124 126 131 137 147
6 9 11 16 40 85 100 118 135
16 17 44 55 120 133 149
11 18 41 46 86 87 93 95 97 121 134
6 33 37 48 63 77 78 82 84 113 118 147
12 19 49 71 83 86 105 110 119 125
0 12 15 39 49 80 125 143
18 27 31 82 105 144
46 47 62 68 75 90 102 105 111 130 131 136 142
37 65 90 92 97 104 133
45 47 68 84 110 116 117
0 12 22 45 48 63 74 75 99 101 136
5 33 79 82 86 108 119 126
3 18 48 80 95 101 104 114 117 125 131
0 20 22 29 68 95 124 135 145
30 37 46 54 61 70 76 84 111 136
39 69 75 104 111 114 133
29 55 103 106 107 118 141 148
0 2 5 7 12 13 28 39 70 83 141
62 74 80 87 117 132 138
29 38 88 91 105 118
7 9 15 20 44 65 73 91 107 114 136 143
9 19 24 32 51 63 65 84 93 98 108 126
19 84 86 92 104 116
0 20 22 86 91 96 100 105 114 133 138
20 36 45 49 52 56 62 75 87 93 95 107 118
13 29 46 51 56 59 102 131 139 144
4 31 64 101 102 116
2 11 56 60 65 75 92 121 139 141
1 16 28 30 57 70 74 75 79 84 98 116 138
9 14 29 40 45 54 113 115 117 125 131 148
7 18 33 37 42 46 63 86 101 113
5 15 18 57 70 75 83 141 149
2 15 31 36 39 48 84 96 118 130 136
1 5 28 36 41 135
27 32 50 77 125 127
11 16 19 30 34 35 36 44 78 79 102 124 128
14 18 24 70 71 103 140 142
29 61 71 94 118 139 144
38 66 69 76 86 92 93 108 124 126 128 133
21 51 60 65 93 98 107 112 125 126
13 21 37 39 59 89 101 114 123 125 129 134 147
25 28 55 58 64 75 95 115 125
2 7 27 36 43 79 85 92 94 95 108 137 148
2 11 14 58 66 76 82 101 105 121 142 144
0 46 57 60 129 132
22 28 31 57 59 66 87 102 114 119 122
0 42 46 53 65 74 117 125 146
0 16 23 84 107 119 128 129 145 148
22 31 32 35 71 73 97 105 125 134 141
0 22 34 43 59 106 138 140 141
18 23 72 80 89 122 123 131 141
8 28 32 36 42 55 61 135
7 54 71 77 78 111 134
1 15 66 78 79 90 94 95 104 121 129
1 3 8 48 67 75 86 106 127
47 62 91 98 113 140
5 6 10 26 29 32 72 76 79 83 102 147 148
3 16 94 113 120 133 135 137
15 59 83 87 90 103 114
49 68 91 118 126 130
12 33 36 40 46 49 51 73 78 91 116 127
15 23 25 56 96 101 112 129 138
18 50 91 94 108 143
1 5 8 56 70 124 139 140
5 24 30 58 71 72 85 122 130
11 18 27 37 43 47 68 71 93 94 110 115 116
2 6 7 17 24 45 68 92 93 132 133 144
6 14 38 79 85 89 116 117 123 127 129 131 144
11 16 24 25 34 37 46 54 73 89 97 116 135
10 22 42 53 84 103 116 146
14 22 64 78 79 86 113 126 143
10 15 41 45 48 71 72 86 91 100 123
2 28 46 76 86 101 102
1 3 17 53 60 98 103 125 126 133 134 143 148
14 26 38 40 54 62 76 80 124 131 139
17 74 77 91 109 118 125 138
37 46 73 104 120 133 135 140 143
21 53 59 60 96 99 124 137 138
21 35 58 69 92 136 141 148
29 42 58 59 69 92 93 108 117 121 123 134
82 112 123 127 128 132 145
2 30 36 46 58 68 94 118 134 142 149
42 71 85 94 120 144
7 11 56 57 100 103 140
1 3 7 46 57 71 86 90 98 111 116 131
18 31 37 45 53 68 85 105 126
6 17 27 92 114 124 135 142 144 148
23 28 31 53 61 87 97
3 21 30 32 40 65 66 73 75 77 114 142
4 9 14 16 30 35 40 50 73 75 83 108 118
1 4 6 18 53 89 92 127 139
0 50 51 69 82 88 103 110 111 117 119 131
0 3 6 42 57 87 89 91 105 130 145
9 12 39 50 52 53 75 97 114 121
42 43 58 97 108 133 140
14 32 49 60 71 73 74 77 86 99 107 122 143
4 44 75 87 90 94 99 112 131 144
10 39 55 68 69 85 91 92 118 130 132
12 22 23 58 112 113
2 6 12 22 28 29 37 58 72 76 147 148
10 14 18 46 51 54 55 101 110 146
23 34 35 44 90 138
16 21 46 63 89 92 110 111 148
36 53 59 112 114 133
2 23 34 68 79 81 83 105 116 120 135 147
8 24 28 29 46 80 81 86 95
13 15 17 42 63 77 88 96 110 112 124 125 145
34 35 57 130 135 141
2 13 14 15 53 77 85 126 129 140 144
34 42 64 107 120 129 138 147
16 18 26 31 39 44 55 62 72 91 141
18 19 38 62 69 88 101 102 110 111 130
2 37 38 66 96 102 107 109 122 125 143
55 59 62 64 65 72 93 96 140
13 28 57 64 87 113 114
30 34 45 60 71 76 82 99 108 112 114 116 147
16 20 52 57 78 79 88 97 106 112 122 134 147
15 19 22 44 75 103 117 141
3 8 21 24 46 77 78 100 105 109 131 142 143
18 21 27 46 100 115 147
22 39 75 104 125 127
0 39 50 87 93 97 104 114 141
15 16 31 33 36 55 77 86 112 121 129
8 26 36 48 50 125 147
17 58 63 96 98 103 121 132 136
6 19 35 46 50 73 115
8 24 27 32 54 57 68 104 132 136
27 30 63 70 74 76 86 100 124 128 132
26 27 39 42 81 83 87 88 89 123 141
6 11 19 67 81 83 102 115 126
11 45 49 69 70 72 101 116 135 139
1 11 29 31 38 45 49 100
14 16 27 32 39 49 53 104 105 120 137
4 7 50 80 82 90 134
2 12 54 71 83 88 95 103 111
0 11 26 28 42 44 109 117 123 140
1 32 33 39 44 65 120
49 54 106 119 129 133
7 32 51 66 75 108 138 148
7 34 62 86 120 122 134 139 148
5 7 12 27 31 33 67 90 99 108 112 122 139
7 15 19 71 74 89 102 113 114 122 141
41 57 91 100 108 134 143
13 32 35 40 47 59 62 66 72 84
5 36 58 66 69 71 82 105 112 120 131 144
5 7 17 30 65 75 92 100 117 123 136 138 145
29 45 72 89 101 106 113
42 44 57 80 93 108 121 122 128 136 148
40 45 51 66 96 103 112 114 124 127 135 139 144
27 36 85 92 96 115 148
21 25 46 47 86 93 123 137 141 145
6 33 89 91 110 137 146
13 18 88 90 119 120 148
29 72 91 93 100 112 116 126 132 146
15 17 20 48 73 75 83 111 115 117 126 141 146
0 11 35 38 70 99 102 103 108 112 149
11 27 47 77 98 100 113 129 135 136 145
2 18 29 30 31 49 70 110 117 137
11 17 28 32 44 47 91 97 104 143
38 43 70 91 111 130 147
5 20 33 49 76 86 87 93 116 138
5 11 33 37 40 45 52 92 116 128 142 143
10 12 16 28 35 69 72 109 115 149
16 30 31 41 61 68 73 88 103 132 146 148
11 32 62 65 70 79 96 103 108 110 111 128 136
11 13 20 39 88 91 102 112 121 134
13 33 50 52 64 69 86 96 101 122 133
14 23 46 72 106 112 127 142
3 16 64 66 78 81 94 115 144 147
4 41 51 53 54 72 86 96
2 23 52 79 82 135
7 46 59 81 82 93 102 110 116 131 132
3 6 13 32 39 41 58 104 106 108 113 125 131
0 16 21 36 96 97 115 124 129 141 145
22 29 33 47 48 60 65 67 87 91 126 132
13 36 45 54 76 130
12 14 29 52 86 100 115 138 141
6 13 37 80 103 112 120 122 145 149
28 55 65 81 89 99 101 115 123 127 135 149
6 75 80 106 124 137 148
13 16 38 50 62 63 64 133
1 25 38 39 42 49 51 73 118 130 144
29 30 35 48 54 66
9 21 30 34 37 81 90 94 102 132
11 17 30 72 80 130
4 15 46 49 55 58 83 90 106 113 116 117 139
10 29 50 60 67 72 78 86 127 129 145
7 9 17 51 53 58 64 75 79 109 110 129
5 14 30 38 103 121 128
31 37 43 59 92 108 115 119 139
6 32 52 59 60 72 88 141
10 29 50 55 61 72 78 79 114 126 139 141
16 41 45 86 101 102 103 125 126
4 32 39 48 51 53 68 127 136 141
7 8 16 22 27 47 79 87 93 97 102 103 107
47 59 71 73 98 112 130
4 12 14 29 38 44 46 122 126 141
17 26 27 39 48 60 62 72 77 79 84 90 120
1 29 41 47 58 82 99 126 135 143
2 11 12 22 31 55 70 87 97 106 119 135
32 50 61 92 115 131 135
0 7 14 16 61 67 73 85 110 114 149
1 10 16 29 32 42 103 133 139 141 143
16 36 59 67 83 100 118 128 130 134
6 8 40 47 48 84 92
15 69 80 84 87 89 90 91 103 106 121 141 149
13 36 37 87 114 118
25 46 62 67 86 93 105 124 130 131
24 37 82 104 123 127
15 60 64 69 79 105 137 139 141
4 29 37 44 58 81 82 84 85 129 137 140 142
26 45 93 104 114 121 122 133 134
8 28 44 47 62 64 95 142
50 98 100 110 112 127
3 26 31 33 38 50 76 81 117 130 136 139
3 5 17 53 57 61 82 93 105 110 119
11 18 21 27 34 46 67 68 75 115 133 134
8 28 29 31 33 41 65 94 100 138
0 47 50 71 78 83 101 106
3 14 38 47 69 104 108 136
5 8 23 44 57 109 123
7 13 14 25 49 67 71 96 97 98 123 131
15 28 47 62 64 87 98 104 113
27 49 51 54 74 80 89 139 146
8 37 52 57 83 121
5 11 47 93 100 147
21 36 40 50 77 106 141
4 6 23 29 46 102 127 141
8 15 44 50 55 60 114 131
2 14 24 37 60 67 70 71 91 111 143 144
20 34 59 88 119 122 146
9 12 42 72 78 79 84 130 131
3 5 19 23 31 36 41 42 61 128 138
13 62 69 70 76 79 84 97 106 110 122 126 131
29 32 41 50 65 97 109
40 45 63 91 96 99 112 115 130 139 146
28 53 56 57 98 100 134 142
6 46 54 55 62 73 76 138 141 148
9 51 52 57 71 90 91 100 114 121 134
5 14 25 26 27 31 38 39 74 75 149
23 33 40 55 70 75 130
27 53 78 81 85 88 95 109 117 135 141 143 149
20 39 46 61 66 86 89 100 124 127 145
6 37 44 47 53 61 74 102 103 104 116 130 145
22 40 41 50 58 59 64 131 134
7 17 22 36 45 57 78 110 127 129 136
2 10 12 51 64 82 91 93 135
25 37 68 70 80 86 123 128
5 7 9 27 36 49 90 91 147
36 45 52 72 75 79 95 99 107 113 137
2 10 40 42 44 48 60 86 100 108 115 137 140
5 6 17 31 55 84 97 107 109 125 144
7 43 66 68 70 82 89 128 148
6 26 32 50 58 64 95 96 104 118 125 127 142
3 4 30 32 38 49 51 60 105 144
7 13 23 43 57 67 115
19 22 26 53 71 92
69 80 89 110 111 127 128
15 20 43 62 71 80 101 105 122 137
3 4 12 29 36 40 51 60 102
4 6 14 22 24 31 35 49 83 107 129
16 22 23 32 54 86 88 92 124 127 141 142
10 25 51 62 65 112 135 143
9 23 44 48 104 122
34 43 60 66 86 90 93 94 130 133 140
5 10 12 24 40 46 53 58 80 95 108 125 141
3 22 38 60 77 85 87
29 37 44 45 48 63 84 93 149
15 20 32 40 45 46 48 59 68 75 95
0 31 90 102 119 135 143
15 22 39 44 55 60 86 105 117 121 145
0 21 66 75 90 101 106 110 116
0 6 21 31 34 49 62 81 95 107 130 140 149
31 46 54 84 126 132 136 146
2 6 34 58 103 107 128
18 24 69 78 81 85 109 118 125 140
2 37 47 64 65 73 74 81 82 93 102 126 148
4 25 30 51 59 63 128 143 148
4 34 67 75 85 99 112 117 126 142
16 37 61 83 89 101 103 114 135 140 142
5 15 48 55 61 62 65 81 96 108 109
43 55 60 64 75 78 81 94 108 125 133 135
1 8 59 90 101 107 137
6 10 46 61 79 80 103 109
6 15 24 43 44 54 62 87 107 139
25 28 34 47 70 71 86 99 106 115 133 141
44 46 73 75 81 89 102 103 122 146
19 23 42 58 65 76 110 113 116 118 137
21 25 61 63 66 79 108 111 118 120 124
22 24 26 50 67 77 78 79 86 102 104 112 136
8 17 28 56 58 60 96 110 111 112 120 141
2 15 30 58 60 64 66 88 108 115 128 141 147
11 14 24 40 41 67 68 98 146
7 9 10 18 26 29 41 63 87 99 107 114
2 24 37 58 71 95 112 135 137
2 57 92 101 124 142
1 25 37 50 86 90 107 112 116
14 36 48 65 81 85 112 113 120 123 141
6 10 29 34 68 70 106 120 122 128 132 141 148
9 11 17 85 97 135 137
5 31 35 55 63 73 78 109 130 141
7 54 66 78 81 88 97 100 146
44 52 62 66 72 81 82 86 104 109 110 114 129
4 37 40 43 56 69 83 85 93 95 96 112
3 4 16 21 31 34 60 83 87 109 115 139 143
18 24 45 46 48 61 75 90 100 115 125 132 137
48 61 63 75 91 93 94 106 121 126 132 142
35 47 64 108 114 148
3 9 12 17 18 21 34 61 64 119 121 134
17 28 67 81 93 96 107 109 111 136 143
23 24 40 58 61 83 90 98 99 122
9 28 40 100 124 145 146
22 23 40 45 47 59 68 69 75 105 113 122 141
41 43 62 63 71 82 95 112 124 131 136 143
13 29 50 56 58 60 85 91 106 120 138
4 36 44 61 69 78 82 91 99 104 121 134
17 33 36 50 60 64 99 140 142
9 13 14 27 30 51 59 62 89 90 112 145
23 31 50 55 66 80 102 111 134 142 148
4 9 41 95 101 103 106 111 114 126 142 148
4 16 29 83 97 104 119 120 125
10 29 56 72 100 119 129 139 142 148 149
8 9 10 35 37 117 128
8 39 48 102 118 127 142 143
8 34 54 58 60 71 91 118 125 129 141 145
14 15 16 62 79 80 88 102 125 129
12 29 32 45 85 137 144
10 41 45 62 68 92 96 114 119 136 145
11 33 65 73 75 82 115 127 145
5 20 51 72 86 96 145
15 16 17 28 37 59 99 127 143 146
11 51 97 119 124 132 137 148
4 9 12 14 32 78 88 96 149
0 24 31 33 48 50 55 74 108 113 122 137
34 53 61 65 74 109 136
41 58 62 65 71 103 120 124 138 146
20 21 31 45 56 91 93 97 118 134 135 143
15 17 114 125 133 141
16 24 54 68 72 73 79 93 126 145
18 20 21 66 74 76 122
2 8 42 52 55 62 66 83 86 148
37 54 93 95 99 123 131 134 148
6 14 85 136 142 146
29 42 55 57 70 71 77 92 108 114 137
9 26 66 72 76 92 98 99 120 122 148
2 13 27 40 52 76 97 103 118 133 140
11 53 54 73 82 103
24 25 43 44 57 65 86
6 29 31 84 135 142
85 105 139 140 144 145
1 6 29 34 47 57 64 65 82 83 96 118 131
4 15 43 67 74 98 104 107 126 129 131 147 148
0 16 20 22 40 58 125 129 130
11 18 27 30 61 109 110 115 124 125 143 148
38 51 74 114 119 130 142
2 20 21 22 26 27 37 56 65 68 70 78 81
3 17 34 35 44 67 77 96 97 107 114 130
11 19 50 62 68 69 79 102 108 133
3 34 99 121 144 146
8 33 51 67 72 74 82 100 112 133 147
2 11 13 14 45 52 124
3 37 47 72 94 99 112 135 145
7 18 20 25 41 49 66 69 73 98 116 145
21 48 82 89 110 111
34 59 62 86 129 135
4 19 35 42 43 48 62 78 87 88 99 112 138
25 30 38 39 41 45 77 85 114 137 144
34 76 98 113 141 142 144 146
16 25 87 88 96 135 136
11 19 21 36 42 84 103 107 136
15 20 21 27 35 36 46 52 69 79 144
27 40 43 52 53 54 58 82 89 97 129 130
43 51 55 56 79 102 109 113 119 124
46 55 64 69 121 125
12 14 17 21 26 31 62 77 97 114 121 147 149
2 5 37 67 73 82 98 99 127 147
17 35 59 102 106 128 142
0 11 45 78 82 89 91 93 99 116 122
8 18 55 75 79 126
4 39 99 110 129 145
7 13 16 28 33 59 79 86 101 124 140
45 62 67 91 96 111 119 124 137 140
6 7 8 21 89 97 141 148
13 24 30 44 72 83 95 114 132 147
1 10 17 23 31 52 70 74 97 104 136 147
15 19 20 28 43 45 90 100 111 125 129
21 24 30 57 58 78 104 111 125
7 40 61 72 81 108 116 130 143 149
58 80 85 102 108 111 113 130 134 148
18 24 28 48 63 101 113 116 133 138 141 147
0 9 10 48 49 72 77 120 127 139 142 143
3 16 25 27 46 97 101
6 21 48 80 86 87 88 105 134
3 24 33 48 82 103 141
22 23 31 33 63 87 105 111 115 137
29 35 36 43 44 47 75 98 100 136 147
10 25 29 31 58 68 97 113
0 29 37 42 48 60 78 85 86 99 101 124
4 36 45 48 58 125
9 18 42 78 79 118 140
11 33 41 117 135 140
5 12 15 72 76 78
13 18 22 25 39 52 72 89 115 138 143
4 24 97 99 101 132
16 44 62 107 109 119 138
11 17 21 78 85 95 117 123 136 140
1 3 15 51 58 94 96 103 110 113 134 141 144
14 25 101 103 134 141
4 30 44 51 53 93 94 102 126 136
37 40 41 66 71 111 126 137 148
8 10 17 30 46 65 89 91 102 118 130 133 136
6 23 24 30 35 78 96 102 131 147
16 31 33 53 74 87 90 96 108 113 124 137
15 25 36 38 43 58 74 84 123 131 136 145 146
5 29 65 68 76 81 84
3 19 20 43 77 93 107 124 126 127 128 145
6 17 23 32 33 48 57 96 111 125 136
29 37 74 99 106 107
27 55 63 80 81 113 149
2 4 16 17 21 41 60 67 140 147 148
11 17 19 41 71 85 87 88 110 135
12 17 46 74 75 89 97 111 116 120 135 141 145
9 23 50 59 79 97 114 119 125
11 23 29 49 61 99 104
28 29 77 80 119 130 139
4 16 43 66 111 116
27 38 46 80 97 103 104 105 113 119
18 47 54 69 71 83 115 123 126 129 132 141 145
5 6 15 28 60 72 96 133 136
5 15 42 43 44 45 49 108 113 114 136 147
14 22 34 42 46 48 59 81 82 92 109 127
51 54 63 72 78 127 129 135 136 147
17 82 103 110 117 140 142 143
2 32 33 41 46 82 121 122 127 133 134 139
41 75 77 82 90 105 109 110
27 33 38 59 104 121 127 129 139
14 16 25 27 48 57 99
18 22 44 53 55 77 79 82 85 89 108 119 139
46 91 101 125 127 141
36 47 55 57 61 67 107 141
7 11 22 32 47 53 65 69 96 103 124 133 136
3 4 20 37 54 76 103 110 125 127 140
0 19 26 34 65 69 85 90 101 127 136
4 10 17 43 55 64 84 94 123 124
14 19 31 32 43 71 98 122 123 125 148
11 45 47 51 65 73 75 78 79 87 89 100
5 44 50 65 89 100 104 105 117 125 149
1 13 43 52 66 68 71 119 122 135 140
3 13 21 31 51 62 68 79 85 92 102 132
43 81 92 122 127 136
30 31 35 36 44 58 77 106 124 130 142
3 14 27 32 44 70 80 90 93 97 112 122
27 43 86 96 101 123 125 134 145 149
0 30 34 42 51 61 89 90 111 116 128 142
13 23 28 39 63 103 110 111 117 119 126 130 143
2 10 31 37 38 40 41 42 50 76 89 96 116
0 8 49 53 90 92 119 136 138
4 12 13 19 39 40 44 56 69 71 95 110 126
15 17 20 28 45 47 63 76 80 101 137
13 36 45 56 57 73 87 106 107 109 120
36 44 64 65 68 90 94 100 101 103 108 110
22 51 66 68 81 148
26 31 36 38 42 44 53 71 79 85 86 87 108
4 7 29 47 55 104 106 109 116 140 142 144
10 68 73 75 128 136
14 46 62 63 70 119 124
1 10 35 36 67 79 92 100 122 123
39 57 68 77 80 125 137
10 29 56 95 100 148
9 69 77 92 99 112
11 19 27 40 43 67 91 111 115 122 123
4 14 39 96 116 137
20 48 63 69 89 98 105 107 109 124 140
23 48 51 57 62 92 96 107 119
10 20 22 25 37 41 69 70 82 103 109 134
5 12 22 34 61 63 128 136
1 14 23 27 73 74 82 85 86 111 131
91 101 103 104 110 148 149
16 24 109 120 121 123
1 2 8 17 77 102 115 118 123 148
8 9 16 23 28 43 103 114 134 135 146
0 22 44 50 57 82 89 117 135 142 148
15 26 35 73 104 117 123
18 19 24 34 46 47 48 78 99 131 141 143
5 22 39 42 53 72 93 101 104 117 129 148
3 10 19 52 91 92 113 144 146
12 26 39 48 89 91 96 107 112 115 125 128
14 31 46 56 65 72 80 94 124 143
0 29 41 65 71 74 85 101 122 131
61 67 81 121 135 144 146
29 70 78 83 115 133 146
4 21 50 58 69 80 114 126 128
20 23 32 64 89 126
19 26 48 56 65 68 80 104 106 115 135 140 146
6 23 25 31 56 84 92 114 119 123 125
19 28 30 37 54 88 92 96 104 126 128 135
22 30 34 52 92 111 112 134
0 9 11 18 44 65 66 70 86 87 99 108 121
20 22 23 29 30 40 63 64 72 75 119 122 146
13 27 33 48 49 53 80 81 97 100 116 133 135
3 18 43 46 55 127 134 137 140
1 6 13 14 56 86 114 144
10 21 32 36 42 46 55 63 85 92
14 20 26 31 32 66 75 78 96 98 120 126
46 53 80 102 125 144
10 11 50 61 77 89 91 94 113 132 135 144
32 38 99 115 128 133 143
7 15 25 27 31 46 48 123
13 44 61 68 70 100 125 135 141 142 145 148
8 60 113 121 147 148
0 4 8 17 26 44 65 108 122 131 136 140
4 32 60 89 132 139
10 18 23 38 54 102 110 113 125 143
4 15 18 31 54 70 115 130
13 16 20 40 65 70 81 85 119 124 143
13 33 59 61 102 112 113 138
20 31 49 58 67 97 103 113 132 147
10 18 20 54 61 64 78 97 98 116 127 129 130
0 6 42 65 76 87 95 110 112 133
25 30 33 41 47 62 90 94 104 122 134
2 50 56 103 105 108 112 123 132 145 146
7 19 29 42 47 52 56 60 64 74 114 129 144
6 12 19 34 37 46 55 73 85 88 111 142
16 17 24 30 36 38 81 122 140
2 50 112 118 122 131 140
14 16 22 48 63 70 77 84 110 113 148
34 60 75 80 106 112 121
16 51 61 74 78 86 88 102 120 134 137
22 34 43 81 82 109 121 141
9 30 39 40 44 58 96 138
5 16 36 48 71 76 111 119 133 147
16 51 57 65 66 75 88 124 129 135 142 144 148
0 32 39 40 60 78 84 102 106
8 21 25 30 31 62 74 100 104 117 138
19 21 24 30 40 62 63 73 85 103 112
5 29 30 47 76 104 115
31 32 48 82 85 87 90 112 124 138
0 24 36 48 51 56 75 80 86 119
10 19 22 27 50 69 74 88 92 97 100 141
7 11 42 60 78 86 88 89 90 109 129
1 9 14 31 56 77 95 107 112 116 122
6 10 18 25 95 116 126 127
1 4 21 24 60 76 79 122 124 137 138 147
3 6 12 53 56 66 70 86 90 104 127 128
10 12 21 25 26 31 54 84 86 89 102
71 78 81 105 111 113 117 145
4 9 33 49 84 96 98 111 119 122 130 131 138
23 46 98 101 113 114 126 134 144
10 12 37 48 62 78 79 81 85 86 92 97 149
8 28 62 64 89 131
8 24 54 60 72 77 83 85 103
1 14 19 25 45 47 63 68 103 126 140 141
1 13 29 57 59 122
12 29 59 72 89 107 110 116 126 143 149
40 41 51 71 88 124 130 136 146
21 25 27 34 44 98 103 111 127 136 137 146 148
5 44 50 54 75 77 112 130 147
9 26 30 40 44 49 67 68 92 118 124 141 146
27 40 51 65 73 79 91 97 98 130 131
5 15 16 18 30 43 65 81 113 123 148
5 21 28 52 77 121 128 133 137 143
51 68 69 78 89 93 109 137
34 53 56 79 113 116 144
29 33 75 102 109 114 121 139 140
1 5 36 47 67 115 117 118 120 138
15 16 50 52 60 64 83 104 109 118 142
13 28 31 44 68 77 108 109 132 134
2 32 78 88 110 140
20 49 63 67 79 84 88 112 114 117
20 28 34 66 110 143
30 45 53 54 66 111 126 143 149
1 13 23 35 37 39 48 78 125 128 134
10 12 19 35 44 50 67 76 94 113 119 139 146
10 11 15 16 48 89 99 101 115 117 118 130 140
26 39 70 97 100 127 137 145
4 79 80 85 116 122
6 15 29 32 41 62 70 80 85 100 103 137
3 32 48 61 74 97 113 126 146
6 31 49 71 75 95 105 107 125
11 17 22 35 53 57 59 76 95 100 105 106 130
10 43 57 72 81 84 99 107 110 123 127 130
32 36 47 63 73 75 78 92 110 111 114 142
0 38 49 52 58 90 94 95 98 102 106 111
9 63 67 78 99 102 109 143
10 22 51 94 97 104 106 145
13 32 59 83 91 95 104 130 147
19 24 69 84 91 103 104 113 118 135 140
1 20 41 110 125 128 133
2 36 51 69 106 118 138
12 22 23 32 37 42 61 66 78 93 102 119
36 45 52 54 63 71 135 146 147
32 49 55 68 98 132 144 146 147
60 62 86 96 98 145
5 29 43 55 75 102
5 17 31 39 76 78 80 94 100 101 120 125 128
20 51 72 73 89 95 99 108 112 119 122 134 140
5 10 53 82 87 101 108 128 130 134
10 20 22 24 25 37 65 74 84 95 97 118
22 35 46 66 88 91 92 119 121 147
12 15 65 80 82 120 127 145 147
86 98 103 112 120 132 146
6 24 33 36 44 47
4 43 52 67 73 111 140
24 25 42 60 65 74 111
1 32 58 74 78 99 102 118 120 138 149
24 38 45 95 125 144
42 51 83 95 115 120
18 79 82 84 92 108
18 26 49 57 64 71 72 73 82 106
18 29 41 55 63 72 73 108 128
26 42 51 57 65 103 108 110 114 125
27 31 34 37 51 53 101 110 134 147
19 45 81 102 122 131 137
6 14 16 71 75 78 85 93 99 106 108 125 137
66 95 116 122 130 136
6 26 28 43 49 103 104
30 91 99 103 121 139
6 44 50 64 67 110 126 127
3 40 48 57 83 147
19 30 42 47 70 81 96 110
19 34 50 53 55 57 66 97 102 125 135 144
12 21 34 47 53 59 60 71 77 79 98 124 143
0 4 36 47 50 76 77 86 99 112 122
19 23 30 48 67 83 86 87 103 112 117
4 20 21 22 25 59 100 114 149
11 85 86 90 104 110 135 144 148 149
0 11 17 56 80 99 107 114 118 124 128 135
7 20 24 56 62 91 96 102 130 141
17 20 42 73 75 101
14 17 23 47 48 66 77 82
21 80 81 93 101 120 125 142
5 8 17 56 63 64 87 117 133 148
9 38 44 57 71 78 84 89 141 149
12 19 31 34 52 67 78 88 100 137 144 145
42 48 59 65 94 101 127 140 142
50 52 56 57 67 122
22 37 38 63 74 75 87 102 110 111 120 136 142
18 20 24 28 32 56 63 75 79 127 141 148
0 24 33 35 52 61 86 99 115
20 43 56 61 72 78 106 113 125 128
3 22 29 43 44 67 74 82 99 101 138 142 146
11 26 53 86 89 92 98 104 107 135 140
48 58 60 69 77 85 92 96 118 119 128 145
2 37 54 82 86 97 99 110 111 123 140
12 51 65 71 91 98 99 105 117 123 126 138
16 32 46 54 55 85 116 125 144 148
4 34 44 45 77 113 117 120 132 134
7 69 104 105 107 139
27 38 61 66 96 112 133 139 140 145
17 36 37 44 47 51 55 56 127 148
