4 10 17 22 38 49 69 81 94 95 100
19 23 25 34 38 46 69 77 88 89 101 136
20 22 71 76 83 95 104 110 143
16 21 23 42 63 72 86 93 94 95 126 130 138
26 37 42 51 60 78 90 95 106 110 130 142 144
13 16 48 50 72 116
29 32 46 56 124 140 145 149
12 14 18 31 35 55 82 87 115 117 126 132
4 22 25 27 38 89 104 105 118 130 137 140 147
23 32 69 122 129 138
0 4 5 11 38 68 98 141
8 11 26 38 56 75 76 102 111 112
15 21 38 56 62 78 105 122
6 10 20 53 79 99 103 117 125 146
2 37 38 39 101 104 112 121 135 139 142 145
3 7 11 21 24 70 76 87 90 130 138
4 18 31 63 67 105 128
34 39 100 101 131 139 146 147
0 11 14 24 30 47 70 102 104 106
10 25 54 61 97 102 105 109 139
14 16 17 19 24 100 128 129 138 143 149
9 14 36 92 102 132
12 25 26 34 55 68 83 84 98 104 132
26 40 60 61 68 81 93 109 149
7 46 51 52 59 123 130 142
15 19 29 79 81 83 86 97 104 105 136 148
6 23 29 54 57 64 68 75 101 149
2 12 14 23 47 51 56 67 75 89 137 143 148
8 9 16 25 41 74 99 106 108 109 111 130 133
17 49 54 66 71 96 97 100 122 138 147
0 6 31 46 61 99 100 108
0 48 52 56 68 77 92 93 95 121 127
37 47 63 64 95 136
2 68 71 102 119 134 138 142
7 26 42 60 65 85 86 92 94 103 104 148
4 35 42 51 65 79 96 97 110 116
42 48 53 68 75 78 89 108 111
16 24 32 38 66 105 125
4 6 12 73 75 95
10 15 21 23 31 52 70 81 91 102 132
16 43 64 68 95 96 97 101 123 148
0 7 20 32 38 77 96 125 128 131 144
5 18 32 35 50 88 135
16 20 34 53 64 82 116 137
10 23 35 42 46 84 112 121 122 135
12 18 40 56 59 65 102
5 6 23 30 73 91 114 127 145
11 18 37 42 76 77 84 99 104 136 142
13 20 26 50 74 98 140
46 59 75 79 86 95 127 137 142
9 32 65 72 90 99 110 134
27 36 84 85 87 116 129 134 139
1 2 9 13 40 42 55 70 79 80 88
8 30 45 58 67 72 101 113 123 124
20 42 63 70 78 92 129 141 148
3 10 67 108 110 116 135
20 31 42 50 56 61 86 91 92 96 109 113 148
9 22 93 116 129 145
2 18 34 64 66 70 71 90 92 100 105 122 132
12 16 37 39 56 84 140
8 18 49 63 73 77 95 98 116 131 149
13 14 22 45 61 67 68 85 100 104 111 118 133
49 57 69 91 103 126
16 31 45 88 95 131
47 64 76 84 96 98 102 105 108 119 140
2 5 64 69 71 84 111 123 132
5 11 22 26 69 81 114 119 125 126 128
14 21 29 47 60 73 80 98 114 132 133 140
12 16 19 30 31 32 83 100 106 132
14 37 60 84 103 122 130 137
13 24 66 98 116 128 131
10 18 30 36 54 71 80 89 99 100 111 119 128
2 21 23 33 43 49 51 57 88
0 55 79 93 97 107 127
1 5 24 68 77 125
1 20 32 39 57 79 95 110 117 145 147 149
59 64 78 82 120 138
13 22 41 46 47 52 62 84 97 107
30 36 46 65 67 113 120 126 131 147
79 105 114 115 119 120
2 7 45 55 77 89 97 98 124 125 128
11 20 22 30 66 80 84 88 89 107 111 141
16 20 61 72 83 89 108 121 133 139 145
11 20 29 32 37 38 83 89 105 110 112
8 38 69 79 94 115 116 119 129 131
0 12 31 54 76 83 94 101 125 137
16 19 58 69 120 125 144
4 14 21 29 42 43 48 58 64 114 116 119 123
7 32 38 49 55 69 101 119 135 143
0 21 37 44 55 62 63 74 84 119 124 133
3 14 48 87 111 126
79 83 99 105 118 136 139
4 8 47 61 100 121 144
1 19 21 26 29 45 54 61 81 90
8 41 66 73 127 143 146
0 2 8 30 53 56 60 62 105 131
6 8 12 20 28 32 37 41 51 104 136 145
1 6 16 17 24 26 27 29 87 126 138 145
3 31 44 53 68 86 92 97 112
9 17 42 50 59 119
0 13 19 36 73 76 96 105
15 36 39 57 95 96 117 128 149
0 14 23 52 66 76 104 110 139 149
4 15 35 47 80 92 95 105 116 117
7 10 49 62 81 82 107 123 146
16 54 80 108 136 141
20 23 28 50 86 88
26 32 38 49 51 64 65 82 97 115
7 12 16 23 28 33 43 51 56 83 103
77 88 114 121 129 131 133
43 57 64 65 67 73 110 118 138 143
1 3 40 50 82 85 88 97 101 115 125 131
18 27 33 41 57 62 66 91 113 118 120 147
17 29 56 75 83 91 102 114 123 127 146
34 50 55 62 70 98 105 119 143
2 52 65 76 79 80 109 116
39 47 58 75 93 96
0 33 39 62 71 94 98 136 139
7 9 24 30 42 44 82 93 96 105 141
11 16 30 33 46 64 71 75 80 106 123 139 144
2 11 30 36 42 45 46 62 73 88 132 136 143
22 40 60 64 69 116
31 35 47 56 69 73 88 89 100 102 109 135 136
6 34 55 59 95 128 139 144
14 15 25 39 45 61 62 75 78 93 131 138 139
37 41 77 83 122 132 144
1 23 25 29 38 43 59 61 124 127 131 148 149
14 25 32 35 39 40 81 93 95 124 129 148
8 9 38 39 48 59 67 82 107 119 125 138
55 61 70 77 80 95 100 117 121 124 132
12 38 59 81 85 92 110 141
14 103 116 123 130 136 147
22 32 36 38 39 62 68 83 115 136 148
2 19 44 45 46 71 99 105 107 108 113 115 124
17 23 40 58 69 77 86 93 101 102 140
2 6 61 75 89 146
2 30 37 39 40 122 143 145 147
41 42 64 79 89 114 141
24 41 48 56 63 68 77 149
4 39 46 67 100 140
38 117 132 135 138 143
21 26 39 58 62 76 139 147 149
9 23 38 58 77 79 82 89 101 110 122 126
0 4 16 27 35 38 40 83 86 107 131 137 142
12 13 17 22 35 47 73 79 100 101 122 129 135
12 15 25 51 61 74 77 90 115 137
5 27 32 54 55 58 63 88 120
3 61 87 102 108 138 139 141
10 44 64 77 85 104 109 115 116 126
26 40 41 96 99 124
0 8 42 49 92 94 112 117
2 23 32 67 71 124 126 127 140 143 149
41 45 51 60 71 104 117 119
2 3 24 28 33 74 108 114 133 134 141
1 2 36 42 57 58 64 114 137 144
9 21 30 32 57 68 74 82 94 98 111 142
11 32 44 50 52 68 80 95 119 120 142
17 22 61 81 95 143
22 30 51 124 130 131 137 147
2 36 37 41 63 69 71 75 95 127
6 11 29 34 49 55 57 70 71 88 97 112
2 7 15 28 29 58 60 90 116
13 22 23 49 110 122 126
41 44 52 62 71 74 84 91 99 111 114 149
37 47 68 77 81 84 98 109 111 122 127 142
16 18 25 34 80 100 127 132 133
2 5 39 40 84 96 97 99 120 122 134 139 140
15 39 53 81 120 121 129 136
39 67 70 115 130 132
10 20 35 37 38 81
8 14 18 45 58 67 91 114 129 140
0 15 19 36 93 99 135
7 8 56 79 82 127 148
2 4 29 49 58 92 112 116 119 129 135 147
25 38 52 90 124 136 139 143 145 146
18 33 53 61 77 109 124 141
12 23 45 55 61 63 64 97 105 114 129 140
11 61 66 75 82 85 91 105 109 120 126
2 5 49 73 108 118 123 128 131 142
26 51 65 102 104 114 146 148
8 81 96 99 101 112 133 134 139
4 6 57 60 71 76 103 123 138
2 26 52 73 101 142
14 44 50 54 91 123
6 14 25 28 32 34 44 72 77 94 105 143
20 32 41 46 59 90 128 133 142
39 78 88 95 103 115 126 138 148
1 9 17 66 71 99 108 109 127 134 141 143 147
23 40 41 43 47 67 82 85 93
10 22 29 33 39 40 42 50 94 95 121 123
12 26 34 35 90 91 94 100 105 110 136 143 147
4 9 80 84 90 126 138
26 31 32 37 44 86 138
1 21 94 103 113 120
21 29 38 42 44 86 87 102 104 134 140 146 147
2 6 23 33 38 54 68 72 90 101
3 17 48 62 85 91 96 114 120 134
10 23 30 50 62 86 87 94 97 105 109
32 53 56 88 90 113 121 136 143 149
8 18 22 111 132 145
31 66 102 107 108 109 130 141
9 11 31 44 59 144
13 37 116 130 131 132 137
0 11 15 25 43 45 53 76 79 81 85 103 111
2 22 46 58 80 110 116 124 125 127 128
25 28 40 51 78 92
23 53 67 80 83 90 112 115
5 17 18 41 52 77 80
13 24 43 74 75 76 87 94 95 119 136
6 22 57 90 106 111 113 140
1 9 57 71 92 110 125
45 54 55 63 84 87 135
4 24 45 53 60 88 126 129 133
2 13 37 47 89 93 100 101 108 112 113 129 148
12 36 59 66 76 83 98 102 115 119 121 127
1 9 66 73 82 90 101 105 109 117 135
31 36 46 57 64 93 100 117 130 133
29 49 51 62 74 75 94 100 106 110
0 25 32 63 72 100 110 113
14 15 19 57 65 69 70 110
15 28 46 56 80 105 110 113 120 122 124 128 144
11 44 59 79 100 140 145 148
3 35 39 97 100 130 145
27 52 73 118 131 145
0 16 32 48 49 55 67 86 113 135 143
68 79 82 90 92 130 149
26 28 39 49 74 105
2 6 19 22 42 57 71 73 86 135 139
15 20 49 64 71 106 146 147
2 15 27 29 69 75 77 130 138 139
35 47 50 52 53 85 108 115 121
7 13 15 43 44 49 54 58 69 118 131 143
39 44 60 80 84 86 108 123 130 145
12 31 40 58 83 86 92 94 132 134 138 139
15 16 56 71 76 137 141
18 32 38 42 53 58 60 65 71 72 82 95
1 13 23 52 57 71 92 111 123
10 24 30 39 55 96 107 109 142 149
6 8 17 27 31 49 60 79 91 98 103 112 114
14 23 26 45 55 65 68 75 80 82 121 122 147
0 20 24 29 32 34 53 82 94 136 140 144 148
1 16 29 34 55 110 146
14 27 53 54 56 98 102 104 109 132
7 13 26 45 86 112 131 138 139 145 146
4 28 39 52 96 109 116 122 123 132 134
7 9 42 49 53 54 71
2 42 44 61 114 122 144
6 26 30 37 66 101 102 127 144
5 21 52 86 96 106 143
40 53 71 76 78 114 126
11 13 36 91 114 127 132
22 35 59 74 81 95 96 106 137 147
20 47 49 84 96 106 111 146
10 39 47 62 78 116
21 24 35 49 50 68 83 94 102 104 106 110 135
18 44 63 67 87 102 104 123 134 135 136 146
28 34 35 53 111 129 142
6 14 38 66 98 100 113 125 141 142 145
6 30 90 102 106 115 148
32 42 74 75 84 102 130
14 19 36 39 43 49 96 143
1 19 21 46 55 61 78 79 93 104 122 125 133
20 25 26 35 77 88 93 98 110 119 124 138
51 52 53 58 61 63 77 95 105 112 130 133 136
27 42 81 99 110 112 120 122 124 127
4 10 15 66 71 90 106 123 146
12 16 26 29 37 38 55 67 88 99
8 23 31 40 48 57 63 77 90 93 109 141 145
20 22 30 53 75 82
56 71 77 96 124 130
4 33 45 61 85 92 113 114 121 122 124 149
24 56 57 59 65 110
0 19 31 45 67 79 90 91 101 131 135 140
5 25 28 44 66 72 83 85 105 106 127
4 12 50 54 65 72 73 122 132 133
10 22 26 32 96 142
13 17 24 75 122 123 146
0 33 59 70 71 96 123 131 132 147
2 18 33 37 48 101 111 129 136
5 18 28 33 40 51 54 67 71 105 114 128 137
1 10 11 48 111 119 143
0 38 62 89 107 121
4 10 11 12 15 66 67 76 84 125 128 142
6 28 39 74 75 130 144
20 25 38 59 65 75 85 91 98 107 110 129 130
18 63 67 85 99 105 117 120 147
0 22 34 39 47 97 104 106 130 131
0 13 16 32 33 38 45 80 90 99 125
3 21 32 34 38 83 84 94 131 133
7 17 19 47 51 139 144
26 37 45 58 90 105 107 109 126 137 142 145 147
6 26 30 65 72 103 115 120 122 131
0 4 7 23 29 45 49 57 76 85 143 146
5 16 17 33 48 49 51 60 78 81 83 100 103
0 18 19 25 27 63 86 106 107 109 131 143
5 8 10 19 54 72 79 91 108 113 114 140 147
33 54 89 94 114 117
9 27 33 49 82 84 90 94 96 99 103 114 148
0 10 16 26 115 120 130 131 139
32 50 63 71 90 95 118
4 30 36 48 62 64 82 110
3 25 26 28 31 37 54 69 72 115
11 17 21 24 49 59 68
13 24 31 45 47 56 58 62 69 75 97 139
6 14 28 42 61 66 78 111 120 126 132 135 137
19 22 36 38 49 54 59 77 78 88 99 117 119
17 19 25 46 70 78 112 117 135
76 96 103 116 119 139
18 19 25 30 40 43 57 84 95 102 108 110
3 19 34 55 95 107 140
11 29 38 62 91 94 99 126
32 43 56 89 90 92 142 144
0 12 27 84 87 92 111 113 131 142 144
2 12 23 42 49 96 98 108 118 130 145 147
3 16 30 60 68 69 104 109 110 117 142 145 147
19 35 51 79 96 110 114 119
8 19 21 46 87 123 126 136
1 2 8 9 38 40 92 109 127 147
13 15 46 123 130 148
0 32 43 111 123 133 139 141
16 75 81 89 99 110 115
25 97 103 130 137 140
0 22 63 65 77 107
16 22 25 69 99 102 105 111 127 134 147
9 13 33 69 85 87 103 115 138
29 46 59 75 85 93 125 127 129 135
12 15 16 25 26 118 125 126
64 67 68 81 96 115 125 134
4 7 10 17 18 28 60 76 80 102 129 140 144
20 25 36 49 52 74 87 120 125 128 139 143
14 21 39 42 53 62 74 89 104 116 122 131 137
10 35 37 42 50 76 129 138 139
20 32 77 105 108 121 133
16 53 56 58 77 103 108 117 125 132 135 140
2 38 42 49 55 81 121 123 125
5 12 32 60 65 85 86 87 103 108 112 118 142
10 47 52 85 123 149
88 96 100 120 140 147
24 26 32 39 40 46 70 75 123 126 147
26 55 66 67 83 125 131
0 34 41 44 55 72 89 106 107 111 122 131
1 2 9 27 36 56 73 74 89 117 124 136 138
8 29 37 59 74 95 109 145
3 4 11 15 26 50 52 56 87 105 115 125 127
13 19 45 64 68 71 81 87 88 91 120 129 141
10 18 23 44 54 72 125 141
44 55 68 78 82 84 131
11 12 26 37 55 63 72 107 129 132 145 149
0 3 12 23 32 33 43 104 138 139
2 4 16 33 37 84 101 117 131 138 140 141 146
16 29 65 78 93 121 129 147
7 13 14 24 27 29 31 36 46 91 103 128
3 4 7 12 20 31 51 99 121 129 135 148
1 14 27 31 33 48 64 89 118 124 139 143
8 28 73 75 77 86 88 90 111 135 145
1 57 83 113 117 134
27 36 53 75 80 85 94 103 125
17 18 69 70 74 89 108 133 140
6 32 42 43 66 67 74 76 78 93 105 131 134
14 19 69 102 103 125 130
13 27 35 38 59 101 136 149
8 21 26 44 51 79 80 126
2 20 36 104 107 119 134 135 139 144
20 29 41 57 60 108 119 136 142
24 32 75 78 97 107 139 147
6 29 34 45 48 68 77 103 131
5 27 30 44 50 74 98 100 131 132 139 145
18 91 99 101 138 140
10 18 31 33 34 50 60 138
4 31 33 78 106 119 124
5 10 37 59 63 69 96 100 104 121 132 135
27 41 46 59 73 93 95 131
14 18 30 47 58 68 76 84 96 118 138
19 25 33 36 78 87 101 112 126 135 142
0 5 11 12 36 67 69 80 108 114 119 121 125
8 23 31 35 52 56 74 76 77 88 119 129 145
3 6 20 27 36 45 47 73 137 147 148
13 17 85 105 115 117 140
11 50 58 63 70 82 87 110 115
88 90 99 101 143 149
13 14 32 53 60 66 70 80 94 102 128 130
14 36 74 80 110 133 142
8 10 17 31 35 60 89 91
44 64 72 95 96 103 121 131 144
13 17 49 53 77 85 91 114 117 131 136 138 149
2 11 16 25 49 74 110 135 137
11 13 16 25 52 81 83 140
13 32 33 37 39 65 66 72 84 110
4 6 21 71 107 124
12 23 34 51 56 72 87 103 127 130 139 140 142
4 6 10 69 72 79 87
1 36 53 75 105 111 124 143
7 14 15 24 59 63 74 92 104 118 130
43 49 85 109 115 126 138
9 21 48 54 55 56 122 142
54 66 83 88 110 112 141
30 40 44 53 117 147
4 24 35 50 96 111 112 122 137 140 142
19 52 68 73 118 125
4 32 40 65 83 109 125 147 149
3 24 29 50 54 59 68 75 97 113 118
2 32 52 71 106 109 113 115 122 148
11 20 21 29 38 68 74 83 98 131
5 21 50 61 62 77 90 120 137 142
36 72 84 101 133 134
2 15 16 28 32 37 53 60 77 97 148
67 70 80 84 97 108 113 116 123 128 130 134
7 23 32 45 54 89 97 105 107 132 138 143
4 15 26 37 58 82 105 138
10 31 42 43 70 121 135 147
2 7 10 28 55 84 117 122
23 31 38 75 92 98 111 121 125
7 20 39 40 42 50 64 92 112 127 141
0 10 21 39 71 72 75 78 79 86 101 109 134
2 10 22 34 40 50 60 67 111 127 129 135 138
5 25 29 30 55 109
28 29 31 54 74 77 91 95
18 32 41 55 63 64 98 104 110 112 120 132 136
17 75 76 86 89 94 122 135 144
13 22 33 45 50 53 56 75 94 102 120
7 10 42 43 74 87 100 114 137 141
13 31 53 85 93 102 111 123 128 137
21 35 40 103 107 109 139
14 21 71 74 75 93 106 117 130 131 136 138
14 15 34 51 92 125
8 37 42 46 50 60 62 70 89 94 98 117 124
0 21 37 46 61 78 79 90 123 124 130 138
31 39 54 86 89 90 96 104 129 144 145
30 93 94 110 112 136
33 43 53 66 68 84 91 114 123 126
6 11 32 33 43 70 111 114 124 127 145
39 41 48 97 105 111 135 142
4 30 66 89 118 123 130 136 143
36 41 64 72 74 91 109 110
16 51 60 121 126 131 145
11 13 17 22 29 39 52 100 118 135
12 23 24 76 131 146
3 4 5 29 54 65 68 71 75 81 101 107
0 31 43 50 89 107 111 112 128 135 142
7 10 13 34 46 52 57 74 83 100 143
12 26 43 49 88 90 134 143
2 4 29 40 55 64 70 72 88 122 148
54 76 87 91 93 97 112 116 134 135 137 143
7 65 72 81 99 101
0 17 41 63 67 102 104 110 135
15 18 27 40 47 76 81 86 113 114
29 47 51 84 99 134
11 18 61 107 118 123 131
29 33 36 43 50 62 83 105 114 120 129 130 144
6 18 24 63 71 111 125 134 146
21 30 52 55 63 71 87 101 113 116 143 144
6 12 28 29 36 51 80 90 108 129
8 28 30 84 87 105 144
19 21 27 40 46 114 119 130 142 149
9 58 68 80 85 90 120 124 129 141
15 42 46 47 67 71 95 107 114 117 131 135
11 31 40 42 52 77 93 99 147 148 149
3 10 22 57 58 75 81 107 119 147
35 48 53 70 79 82 83 95 105 137 140 148
11 17 40 44 52 67 73 78 82 84 89 144
9 82 86 115 129 133 142 146
2 12 43 46 62 74 84 92 124 133 147
4 17 46 68 96 100 134
23 48 49 86 125 139 146 149
5 18 55 56 66 73 78 87 88 96 105 135
10 17 30 54 87 107 110 117 126 142 148
3 6 43 58 63 66 69 123 132 137
20 22 24 31 54 85 86 106 134
18 25 33 35 39 62 64 87 90 130 143 147
0 1 15 24 91 135
8 27 33 43 49 51 78 88 103 149
3 55 73 85 87 100 101 112 115 117 130 137 148
2 34 47 49 94 98 111 147
15 18 27 54 56 57 59 74 87 88 140
0 7 26 29 35 44 62 86 97 111 135 142 146
21 64 80 94 95 100 112 119 122 132
6 10 26 53 65 71 75 101 102 107 148
8 10 22 39 55 58 84 90 97 115 126 129
1 18 22 25 38 78 85 101 129
17 18 34 45 61 62 67 75 98 107 120 145
19 34 59 62 68 89 115 147
3 4 8 35 80 95 108 139
3 9 15 68 71 110 130 139 141 142
12 13 18 19 50 82 93 102
8 24 55 60 84 102 107 138 143 149
7 9 44 47 57 88 98 107 132 137
12 21 43 52 59 80 102 109 110 114 118 126 132
12 19 35 41 90 96 109 120 146 147
22 67 73 86 125 131 139 148
7 11 13 26 33 50 79 95 108 110 122
11 15 39 65 87 95
8 13 39 57 83 97 98 131 132 144
5 22 70 90 94 105 121 145 147
2 12 39 50 67 99 100 116 125 129 138 142
28 119 132 140 141 142
6 13 48 53 55 98 119 142 146
10 23 55 56 61 74 89 90 103 118 122 127 146
29 51 54 55 58 80
20 28 61 63 64 88 96 106 143
9 60 112 121 139 141 147
53 61 66 86 96 112 130 148
31 41 61 70 91 120
70 75 85 110 111 112 114 126 130 136 146
37 53 77 105 116 123 137
6 34 38 45 50 55 67 116 136 144 145 148
6 20 23 51 79 87 95 98 99 134 142 145
26 27 29 31 46 56 68 96 100 120 145
8 23 24 36 37 46 47 77 80 98
28 30 41 68 69 100 127 128 129 138
5 20 23 27 32 33 65 67 81 103 105 133
15 55 78 93 110 127 142 145
3 71 86 87 89 90 108
17 28 46 82 111 122 136 141
16 20 21 32 38 55 61 110 113 116 136
3 43 52 70 71 76 78 87 88 96 119 128 140
2 3 25 44 48 54 61 66 88
11 36 55 59 68 113 126 140 146
19 30 42 51 69 75 80 96 113 116 148
44 54 58 113 120 127
18 26 46 77 94 109 117 125 126 137
32 47 62 75 95 133 135
45 52 58 64 76 87 136 140
10 24 49 72 80 104 131 134 142 145
28 36 37 62 64 81 110 124 148
5 18 24 32 55 62 65 81 84 92 125
7 28 47 53 60 62 85 125 130
10 34 35 46 60 72 88 92 104 112 127
30 109 118 134 146 147
7 9 10 30 38 44 48 66 80 114 118 135
63 75 79 100 109 113 128 131 141
26 41 45 65 83 90 125 128 141
5 17 22 51 62 64 88 92 98 127 140 141 148
11 40 50 92 98 103 142 149
4 37 41 47 60 73 80 120 133
12 59 65 69 82 84 86 90 97 99 126 140
5 36 120 123 140 144 145
65 66 84 92 104 108 109 120 125 133
4 73 84 102 121 131 147
0 5 28 42 90 101 134
13 36 40 47 60 70 95 112 126 138 146 147
7 15 42 94 98 105 116 133
6 15 23 33 36 69 76 81 90 102 141
12 43 55 65 71 138 147
12 21 48 98 107 110 116
18 42 94 115 122 134
14 18 25 26 34 39 49 104 106 116
5 13 19 24 30 57 65 75 112 123
19 43 54 61 81 89 101 113
2 24 30 34 44 53 54 59 64 98 119 135 142
16 21 75 93 124 125 149
32 36 55 61 64 92 102 105 136 139 142 146 149
5 7 19 20 74 100 114 121
0 18 31 40 47 52 53 59 128 142
47 98 105 128 133 140
4 5 15 91 100 148
2 7 9 22 32 53 67 71 114 137 139
11 17 49 53 106 124 133 134 138 143
46 74 76 77 93 114 123 130 142
39 56 58 74 106 115 130
6 17 29 39 50 63 69 93 105 123 129
3 11 27 28 44 56 58 80 88 103 120 136
2 30 33 35 47 64 87 103 117 118 131
22 35 37 101 106 110 130 148
55 82 94 102 105 125
19 23 35 39 87 90 97 101 102 107 113
21 53 69 87 114 116 140 148
0 23 26 37 40 49 90 92 105 118 133 149
17 31 52 53 56 60 96 105 122 128 138
15 17 20 70 87 90 104 115 144
7 28 47 98 109 134 140 144
20 41 43 64 82 103 107 115 123 124 129 133
52 62 71 89 106 112 129
35 45 100 124 136 146
7 11 44 60 68 80 86 111 115 125 126 133
13 32 41 49 88 100 105 115 134
4 44 48 85 100 132 137 144
9 48 78 93 129 142 144
21 24 26 45 51 108 124 132 143
36 41 60 83 96 109 125 149
3 23 58 71 109 122 125 144 147
0 5 8 33 35 69 78 97 100 130
7 8 26 42 43 52 81 103 123 129 146
5 7 44 50 53 82 109 110 129 134
10 13 19 29 31 93 118 149
36 59 69 87 94 103 115 119 138
4 20 26 29 32 35 47 54 98 129 137 142
21 30 58 59 70 128 131
13 20 29 30 31 32 78 81 107 119 122 130 132
20 28 30 46 56 138
1 6 8 36 46 71 85 101 138 140 144
10 34 42 83 125 134 136
10 52 68 78 90 100 111 122 142 144
12 19 31 75 109 116 138 142
11 13 14 37 52 97 118 138
7 8 19 29 50 64 68 78 103 105 117 133 137
48 74 81 89 90 104 108 114
10 12 56 68 74 91 114 116 126 132 134
5 8 16 37 47 48 124 143
1 4 15 33 42 89 97 108 125 127 134 144 146
8 14 24 30 68 95 115 131 136 144
5 31 34 40 53 58 82 103 144 145 146
38 70 71 80 92 125 130 140 142
9 16 27 59 63 65 72 78 93 96 111 121 131
12 27 37 42 54 60 82 92 120
1 18 23 37 44 54 82 89 100 141
6 8 33 35 38 48 85 93 130 139 141
9 17 29 33 36 37 41 43 58 78 82 112 149
23 56 59 88 95 99 101 111 135 144
0 22 48 70 74 81 90 136 137 147
11 13 71 96 110 114 129 133 135 138
30 48 49 67 85 99 129 136
2 5 28 31 44 52 65 91 95 108 120 135 137
20 21 34 89 100 125 135 139
41 54 92 93 95 97 140 146
5 17 32 55 56 103 107 116 125 139 144 148 149
4 25 56 77 95 106 108 112 131 142 148
4 21 26 43 49 73 77 83 88 100 114
1 25 26 30 41 42 47 74 83 109 110 135 148
1 7 14 18 25 50 84 104 108 137 144
26 29 64 77 80 89 95 103 136 137
9 25 36 41 56 88 135 139
7 13 14 23 37 57 141 143 147
4 18 24 25 75 86 112 116 120 130 134 149
2 9 36 57 63 67 88 106 128
1 31 42 94 96 104 109 126 143
10 12 14 31 56 65 71 115 117 118 119 121 143
9 17 22 30 37 38 45 120 121 126 127 129 130
3 7 24 60 64 81 85 87 92 108 142
14 37 78 84 95 96 105 114 117 132 149
25 41 55 70 106 114 149
3 10 53 77 102 104 107 135 144
40 46 51 64 69 73 77 89 93 110 113 135 137
14 17 51 54 61 79 98 104 127 134
50 77 88 97 115 116 124 138
1 42 90 92 103 112 119 121 126
19 52 56 62 72 108 116 126 131
2 12 24 27 28 52 65 69 79 83 86 127
11 34 47 100 135 145 148
0 5 13 16 19 37 50 62 64 94 102 112
17 22 28 33 51 53 61 68 85 106 123 129 135
6 23 48 57 58 68 92 94 115 121 137
24 28 39 57 71 86 87 94 101 111 124 142
11 32 49 53 60 67 101 103 111 112 122 141 146
20 50 53 72 122 144
40 68 79 85 87 88 98 99 127 145
5 25 52 67 80 82 91 93 108 112 129 134 145
29 61 84 115 123 124 144
4 32 33 41 53 68 79 96
1 5 22 71 73 85 105 121 122 148
17 30 77 101 111 142
14 16 47 65 85 92 93
22 49 64 83 106 134
0 11 35 40 47 54 68 75 106 117 135
4 14 31 48 61 88 93 103 105 107 114 130
0 40 96 104 106 118 120 123 144
4 17 20 50 78 94 116 146
8 59 70 82 89 93
28 33 79 95 115 136 147
0 16 31 82 83 99 109 112 127 143 148
14 21 32 33 39 40 58 100 105 107 117 125 126
27 30 64 73 100 123
19 20 21 47 55 57 84 107 108 126 145 148
55 57 62 77 79 82 94 101 102 103 149
26 34 41 43 68 70 79 86 106 118 145
0 12 30 63 67 79 80 94 118 123 142 145
21 58 70 72 75 76 102 108 114 115 121
36 39 50 55 76 79 87 88 118 130
45 59 64 74 82 139
4 27 76 92 101 113 148
5 7 20 40 47 67 76 85 94 134
2 13 16 19 41 62 76 107 110 111 114 123 132
21 25 33 56 68 91 92 93 117 146
6 7 14 33 64 85 94 104 105 139
6 35 48 51 56 64 77 79 91 129 131
17 45 75 79 99 103 123 131
27 32 52 107 131 135 140
10 16 31 38 56 57 60 96 98 109 121 129 149
4 14 16 20 34 52 61 63 134 148
37 56 60 91 93 99 105 106 118 130 135 142 149
35 51 58 94 118 146
9 22 27 32 63 66 76 77 84 91 93 94
30 37 74 78 85 92 98 137 140 144 148
20 38 74 77 89 93 116 131 140
15 18 37 49 58 123 124 126 127
4 32 34 52 66 80 91 112 113 121 127 145
14 17 35 45 52 57 67 91 111 124 144 146
27 33 95 106 118 121 130 132 143 146
3 12 13 24 31 34 100 131
0 16 60 62 80 98 102 119 147
22 28 37 46 68 76 77 86 105 122 140 141 143
3 17 37 53 56 58 69 95 139 147
5 46 71 98 110 114 125 127 137 140 143 147
13 37 42 49 56 97 111
11 17 60 73 102 140
22 71 72 84 101 103 115 119 128 131 140
15 17 26 58 66 77 83 99 101 115 126 145
1 10 15 45 52 119 124 137
5 12 25 35 63 82 95 97 101 121 126 141
11 13 31 42 46 56 67 70 86 100 142
0 4 14 40 57 72 113 115 119 128 139 140
2 23 33 34 49 64 68 125 142
44 55 57 100 104 127
3 55 94 104 129 134 139
14 25 35 40 50 55 59 75 77 99 127 147
47 49 55 63 70 71 77 128 135 136 142
34 45 47 49 80 101 109 133 142 146
37 39 61 77 98 107 111 114 124 130 137 143
33 75 77 88 105 118 119 124 138
3 20 34 43 84 94 130
3 31 51 56 71 75 86 88 111 119 147
9 14 19 20 36 41 71 123 125 132 141 144
11 36 41 42 52 59 86 88 93 94 96 126 134
16 21 32 55 70 71 79 103 129 135 140 147 149
15 22 51 85 87 110 139 144
7 26 33 34 38 41 54 68 87 119
8 40 55 93 97 108
4 11 26 29 69 71 89 100 129 139 140
16 28 53 64 105 108 139
2 24 25 29 32 46 59 71 105 113 126 130
1 12 65 76 132 140
39 50 53 95 101 115 142
0 8 15 27 48 49 66 94 106 110 115 130
20 55 72 76 90 101 114 140 141
2 3 11 17 27 59 81 84 119 130 141 146 149
8 21 27 29 53 69 76 81 91 116 117 121 129
2 48 49 77 81 107 109 121 122 123 125
9 16 41 91 94 106
46 56 84 86 97 116
6 28 71 76 91 105 125 133 146
0 8 42 43 44 46 83 88 94 123 132 145
4 11 27 35 52 56 83 96 101 129
7 16 17 19 43 68 86 92 104 113 148
0 18 58 87 90 119
2 5 8 10 17 31 50 81 99 129 137
30 33 47 50 52 64 69
4 41 50 96 111 147
43 48 83 92 115 146
13 45 61 62 85 88 98 102 114 117
8 20 37 41 59 74 77 111 117 119 136 139
1 2 45 48 50 65 80 126
11 33 34 38 48 49 67 74 108 128 129 143 149
1 16 20 49 76 108 120 121 145
22 32 41 42 67 76 116 117
2 18 39 40 78 79 82 85 104 131 143
23 24 40 63 64 68 85 99 129 133 137
1 14 27 34 42 45 50 111 112 115
8 21 78 106 129 149
23 42 51 52 81 105 111 120
13 31 36 44 49 70 83 88 92 99 121 127 139
24 31 36 38 90 103 117 135
8 16 47 63 101 115 116 141
1 12 13 37 67 82 92 114 120 121 141 145 147
1 28 31 35 39 40 67 74 127 134
8 36 37 62 80 82 90 108 111 119 134
18 34 37 72 106 147
64 111 113 119 122 134 139 140 149
4 10 12 16 60 73 93 119 138
8 20 51 53 54 59 85 114 115 123 144 147
3 12 22 26 27 79 132
22 36 43 44 141 146
94 97 103 119 123 127
34 38 54 67 80 107 119 125 127 131 134 143
53 60 75 95 99 107 137
0 14 51 55 63 70 88 98 128
1 2 15 78 85 87 101 111 115 122 131 139 148
45 73 84 96 118 139
3 17 32 37 39 58 60 67 78 82 142
12 32 65 107 113 136 146
7 18 35 36 63 69 78 87 103 117 145
68 83 89 97 115 127
5 12 26 52 61 89
22 28 51 71 86 87 112 124 132 133 136 139 141
2 22 37 78 83 108 134 139
6 8 23 27 45 74 91
12 31 34 40 45 66 71 78 102 107 143
6 17 18 36 62 75 89 93 106 129 147
12 60 70 81 102 107
11 57 77 83 106 108 137 149
29 33 64 85 88 90 104
1 9 14 22 42 43 51 67 75 79 86 123 124
8 26 49 59 104 136
2 19 26 27 29 50 89 111 117 145
11 34 46 48 67 81 83 98 104 106 115 132 140
14 20 34 41 53 64 84 100 109 119 127 131
1 28 30 35 43 52 60 103 119 123 126 133 144
4 22 45 54 64 67 109 122 125
7 9 22 46 56 66 117
21 39 56 80 85 99 105 107 142 146
1 17 21 22 42 54 68 142
3 11 13 20 33 80 100 132 149
5 14 25 26 37 47 51 74 103 111 115 125 144
6 39 43 54 57 60 76 90 105 113
3 21 39 55 57 60 65 74 83 127 138 139 149
36 45 47 96 126 140 147
1 3 21 22 34 45 54 90 92 96 135 143
56 67 76 124 133 147
26 52 59 62 92 93
10 48 77 99 134 144
30 39 44 79 101 105 113 121 131 136 145 146
5 16 36 54 59 61 68 73 75
22 28 30 43 45 57 62 73 92 93 109 111 124
11 33 52 85 126 137 140
5 28 33 45 53 65 67 91 123 127 146 147
18 43 92 102 111 136 142
8 13 15 40 49 53 91 113 123 132 135 139 149
10 23 29 37 46 80 90 98 110 112 129 148
5 10 13 21 28 38 99 120 133 135
43 52 61 62 65 96 114 132 146
12 36 78 100 113 119 122
6 11 16 32 43 56 84 131 143
3 8 28 54 70 75 77 90 111 117
24 43 52 64 72 88 98 103 120 131
6 21 28 42 63 94 143
37 46 57 64 70 75 83 88 95 105 111 116 120
40 46 56 68 82 95 137
0 9 11 13 21 27 48 83 84 89 91 101
8 23 30 33 42 74 95 121 123 139 141 143 145
5 9 16 59 61 66 67 96 119 144 146
0 9 18 20 45 82 87 118 122
15 24 47 86 88 103 114 124 132 148
23 25 26 72 80 81 112 148
3 6 18 31 45 57 68 90 129 131 136 140
4 11 24 31 33 46 54 70 79 81 87 101 122
0 10 27 31 35 52 70 71 78 80 89 135 149
0 25 46 94 106 119 146
3 4 18 55 59 66 87 89 100 101 134 140
4 11 35 38 61 67 83 115 131 132
23 26 36 39 43 57 65 80 85 89 110 115 117
8 13 29 64 65 73 78 82 85 99 144
14 48 56 65 72 73 148
9 18 32 43 49 51 71 127
20 29 43 68 75 76 87 88 103 115 119 132 139
21 57 95 96 97 113
6 20 27 36 62 75 80 91 145
5 7 49 66 80 84 91 94 143
5 26 70 83 87 107 129 137 139
10 77 103 110 111 119
15 27 37 38 57 67 85 114 119 124 125 129
5 7 26 33 39 76 83 89 95
15 35 37 86 94 96 104 119 124 145 147
23 32 58 76 103 130
7 45 62 75 76 87 123 134 143
9 11 36 55 78 88 118 127
21 40 54 102 132 136 138
3 37 48 50 66 72 86 105 109 144
16 47 59 87 122 134 142
6 42 53 75 100 111 146
8 13 95 101 112 120 124 131
2 14 33 35 39 58 67 87 96 109 117 121 146
40 43 48 59 73 83 85 90 106 118 131 137
3 42 48 51 53 59 64 66 88 109 131 135
18 22 38 43 91 112 123 145
29 38 41 59 95 132 144 149
18 38 75 104 111 141 145
32 55 67 74 109 114
2 11 45 47 52 62 77 126 128 130
8 10 38 63 88 96 105 119 126 147
3 28 31 56 73 125 131 136
28 42 76 81 129 135 141
1 18 26 78 114 129 143
3 23 24 37 54 104 112 113 115
7 26 53 85 90 122 140 143
2 18 84 87 101 127 135 146
0 12 13 37 97 126 140
5 18 60 91 115 148
8 18 25 28 30 32 66 92 108
10 20 24 26 28 29 63 69 76 80 108 109 129
6 19 29 35 49 60 82 98 112 131 132 133
47 51 54 60 64 73 91 103
2 31 58 79 94 109 113 131 139
17 21 36 49 61 75 84 93 94 104 112 139
6 8 22 37 55 81 96 103 141
11 22 27 42 61 64 85 89 108 113
1 9 12 23 32 39 45 89 98 136
10 21 31 48 50 88 92 117 125
41 96 104 116 122 128 129
7 31 59 60 65 97 105 122 126 129
8 10 12 49 64 104 108 120 148
3 58 59 63 64 119 137
30 43 75 87 118 126
7 31 56 74 84 139
13 17 48 61 65 77 99 114 127 130 133 148 149
16 59 60 69 76 77 89 117
2 42 57 71 88 89 93 115 123 129 143 144
3 8 14 18 41 49 50 54 72 101
3 9 10 39 60 67 68 69 82 101 106
6 26 32 54 65 72 132
6 21 29 36 44 55 59 63 73 88 114 131 138
7 19 29 38 78 94 102 110 133 138
15 18 19 24 28 58 75 80 107 115 116 120 141
28 45 46 75 87 96 100 120 122 147
16 36 55 74 94 99 101 110 117 125 142
37 66 93 130 134 142
2 19 24 30 44 76 100 121 129 146
1 21 28 74 110 130 142 143
21 26 33 47 51 65 69 132
1 11 21 28 65 74 82 98 105 109 119 131 144
4 20 30 42 77 126 136
13 43 44 54 56 57 60 65 71 100 104
18 36 41 42 71 78 95 123 127 128 137
12 24 44 45 51 89 134
5 26 55 59 67 80 95 114 146
4 6 31 32 119 120 122 135 137
6 18 50 60 61 97
9 17 50 56 100 124 128 135
4 12 55 58 70 89 103 136
42 58 63 69 70 97 100 135 137
2 8 29 40 51 55 58 77 78 85 96 106 117
14 34 36 41 42 43 45 63 84 107 128 133 139
25 39 63 99 107 109 112
9 26 64 68 89 96 123 129
11 13 78 90 129 132
59 80 91 92 105 113 114
15 57 88 105 135 145
2 41 43 53 56 104 112 116 119 125 141
10 20 23 49 63 70 81 128 134
3 6 34 42 44 46 72 84 100 142 146
2 14 26 47 62 64 111 115 116 118 132
0 14 30 44 47 67 104 105 118 125 147
40 46 74 79 85 98 148
6 14 25 41 48 61 78 84 85 136
1 4 12 22 33 51 99 109 121 134 146
5 30 41 48 61 81 100 103 118
1 93 115 123 124 135
1 10 44 65 67 113 123 133
2 29 85 94 122 123 126 140
4 17 26 29 61 73 120 121 132
5 8 33 47 62 63 86 118 121 124 138
17 18 26 32 48 56 60 93 112 118 136 147
2 9 49 58 76 77 86 89 91 105 109 148
14 24 26 31 58 66 68 103 110 112 122 124
0 16 20 25 26 62 96 103 110 117 122 126 138
6 61 73 95 112 113 130 141
3 13 18 30 36 38 40 64 75 76 101 138 141
3 20 24 58 69 76 77 98 118 122 124 136 143
8 9 21 26 56 89 119 120 135 141
1 14 16 22 33 105 111 137 143
17 21 25 78 91 102 130
17 19 34 76 87 89 91 99 101
1 10 27 37 43 127 135 145
44 46 50 52 76 84 102 138 148
11 18 49 62 74 116 125 126 140
8 40 65 67 68 74 114 119 120 124 136 140
7 13 56 57 58 77 85 92 105 110 117 120 136
12 34 67 68 73 90 112 149
14 33 87 94 98 115
7 54 55 61 103 115 116 123 133 148
4 16 17 22 63 75 102 105 112 149
21 50 56 87 97 104 107
1 4 16 31 60 93 95 100 101 121 146 147
11 33 39 52 55 61 76 92 94 124 137
12 24 37 46 58 82 99 106 116 135 142 148
3 4 12 20 25 33 46 50 55 76 90 129
3 13 34 50 53 60 68 102 105 110 112 142
7 8 42 48 59 63 66 120 128 137 138 140
12 36 50 51 66 89
20 21 22 43 45 49 77 80 97 98 102 112 120
2 41 46 74 81 113 136
14 24 27 54 57 98 117 118 148
15 25 29 30 50 51 69 77 83 90 98 101 115
19 22 23 26 29 45 58 60 66 106 119 143
33 35 51 52 67 69 71 80 93 99 106 109 115
7 27 29 38 49 57 68 111 114 116
29 38 85 100 105 111
13 19 25 111 116 148
13 47 59 62 65 79 143
21 29 31 42 43 60 92 99 122 124 128 145
24 37 38 54 67 80 92 118 122 130
23 27 28 70 74 90 97 131 137 140
2 21 25 28 38 40 69 80 89 112 131
2 5 61 75 93 118 136 149
10 13 42 72 79 121 136 149
6 12 28 51 61 77 86 101 117 143
22 24 35 49 58 80 84 103 111
1 6 22 24 25 28 32 53 58 101 130 139 149
22 51 60 79 83 85 107
1 22 51 73 91 102 122 142 148
39 56 85 92 102 136 140
17 18 39 66 69 71 106 119 126 127
50 66 72 93 94 138
19 35 52 59 102 110 113 114 118 127 134 138 142
13 24 25 50 68 137 138
19 28 56 60 87 107 114 116 121 128 130 140
2 26 36 44 47 53 65 79 87 93 110 119 148
2 11 14 16 62 73 78 92 124 127 130
1 11 28 37 41 44 113 117 135
4 23 33 50 64 122 145
3 29 40 48 53 56 90 93 98 101 122 144
21 62 89 91 103 112 130 135
10 20 22 34 62 66 78 111 127 138 139
5 8 19 46 47 68 84 89 111 118 134 140
0 6 35 38 46 86 88 116 132
24 30 33 34 49 77 78 82 101 125 137
2 4 16 35 69 131 136
19 23 29 55 66 68 90 104 108 114 115 135 144
25 31 39 44 72 76 82 84 100 124 128 132
27 44 47 62 69 99 106 122
7 18 22 23 28 45 64 80 89 144
81 111 119 124 141 147
1 30 67 79 92 100 126 141 144 146
