1 4 77 84 101 110 112 126 133 142 143
6 33 55 73 82 96 115 119 143
10 24 31 38 59 63 68 76 101 129
8 13 89 90 112 114
0 8 47 49 52 75 105 106 127 131
40 45 50 54 110 114 126 127 141 143 145
10 22 47 49 60 67 71 76 90 106 129 145
62 71 76 79 86 88 141
38 74 80 104 119 141
49 50 65 118 137 145
1 23 66 87 96 97 102 120 125 141 146
4 14 22 33 38 47 53 81 93 121 127 144 145
20 24 37 48 50 52 64 110 132 133 138 144
8 33 37 55 59 77 143
19 20 30 67 130 146 149
0 5 58 59 80 85 110 120 129 138
19 20 25 60 132 134
22 23 26 30 50 57 64 82 86 110 120 128
13 14 22 38 62 71 75 88 100 116 123 127 143
39 56 86 120 130 134
41 59 75 82 87 113 118 132 145 148 149
15 74 94 103 118 125 135 138 141
34 35 40 43 74 104 112 141 142
40 44 76 85 86 97 114 118 145
0 9 34 93 101 114 117
5 38 61 69 102 111 144
22 36 37 46 66 90 96 99 100
4 29 32 51 65 68 70 116
46 50 54 86 90 94
7 15 28 84 97 122 143
9 13 19 67 82 98 104
12 46 50 62 116 139
12 17 22 42 105 125 145
15 21 22 23 27 45 68 91 101 102 115 148 149
27 36 55 66 71 74 81 87 112 113 126 138
19 21 42 43 66 81 91 127 145 148
3 15 48 49 59 62 73 118 122 125
8 11 36 60 67 79 128 136 145
1 51 58 85 115 120 147 148
16 29 64 67 77 100 141
16 20 27 43 48 51 64 68 82 95 118 132
4 15 16 25 48 49 58 68 81 110 113 115 138
8 16 24 58 62 67 69 78 87 113 135
2 3 63 102 112 117 126 130 140 142
1 42 60 67 83 97 98 100 110 112 130 144 145
9 26 34 63 65 72 81 112 122 130 134 141
6 20 56 67 74 97 106 143
5 9 12 36 55 61 70 91 110 116 128 133
7 8 52 58 82 110 125 137
27 50 58 63 65 99 140
10 11 25 34 49 58 75 76 85 88 130
0 3 31 99 106 116
5 6 27 42 44 51 66 68 83 90 95
20 98 111 114 127 130 136
2 19 26 28 53 97 106 122 128 144 145
8 26 35 41 48 51 127 131
13 24 55 67 86 111 115 118 148
78 94 96 112 114 122 125
16 40 72 121 127 142 149
1 51 65 87 88 96 97 121 128 129 131
9 32 73 124 125 135 137 144
4 11 23 25 38 72 84 86 87 88 89 93 100
10 15 16 34 81 83 104 113 120 130 133 138
6 21 39 40 42 45 62 76 106 131
14 21 39 55 68 85 88 89 98 107 119
19 32 59 82 95 110 116 121 136
4 11 25 46 55 58 64 79 102 104 105 117 139
17 18 30 35 37 54 64 70 78 95
5 11 14 22 27 33 35 37 41 46 61 71 145
24 33 61 69 73 94 101 122
34 40 61 74 85 91 107 114 118 122 148
12 14 37 63 105 125 146
35 39 87 91 106 134
8 66 71 73 90 101 134
4 8 10 12 67 78 89 114
5 6 19 22 49 75 88 112 140 143 147 149
28 37 42 65 68 70 83 102 119 125 133
14 30 32 63 65 68 91 98 137
4 10 56 88 91 92 102 112 122 127 149
17 21 23 36 52 58 72 92 101 127 143
19 70 98 102 105 110 111 118 128 142 144
26 57 58 60 106 122
36 37 41 71 86 92 109 121
24 31 41 45 56 61 105 113 138 142
5 10 11 32 34 42 62 95 108 109 131 135 141
31 42 76 80 111 122 141
6 15 45 49 68 80 91 111 132 143 149
8 22 27 38 68 82 108 110 147
6 41 42 45 53 73 74 75 79 92 102 105 131
16 33 54 63 101 113 114 120
4 31 39 72 79 87 138 142
7 16 22 48 70 80 83 92 110 113 128 141
46 49 67 73 76 85 91
30 37 62 67 81 133 134
20 50 58 60 66 70 103 126 128
12 42 60 74 89 111 116 138 139
0 15 33 44 64 67 104 121 122
1 2 12 46 98 129 130 148
1 33 38 53 72 100 105 126 128
3 5 69 113 115 124 129 133 136 143 147
23 29 35 78 91 92 140
2 9 20 28 44 54 64 102 117 118 134 143 147
7 15 24 32 34 43 51 93 94 112 133
2 79 84 89 131 144
0 7 66 79 84 106 117 147
0 14 36 37 83 133 136 143
6 17 55 70 73 78 79 83 91 102 119 121
21 22 25 31 112 118
21 35 45 48 53 58 76 86 94 103 119 137 141
11 16 17 25 35 45 52 65 77 100 119 128
13 16 20 25 34 55 94 107 137
3 14 76 85 106 133 137
17 40 50 120 133 145 147
18 19 30 58 61 67 75 86 134 136 137 142
6 8 29 51 53 59 76 81 99 112 125 127 143
11 20 22 30 60 67 109
4 18 22 49 55 62 67 69 82 119 125 136
40 51 81 85 92 102 106 147
31 51 61 105 106 116 120 131
0 1 6 8 22 61 62 71 73 135
15 26 35 43 44 64 89 116 119 120 136
14 25 47 58 65 69 88 100
3 81 83 95 102 133 134
13 72 73 77 97 127 141
6 10 24 60 81 88 106 114 116 128 133 138 143
4 25 32 63 64 102 109 129
13 45 65 103 110 140 147
8 23 24 53 65 80 91 95 119 130 134 140 142
4 27 29 40 64 110 129 134
11 13 27 46 55 62 72 87 115 118 138
2 41 54 55 56 75 81 98 112 120 125
32 41 45 51 69 101
7 21 23 61 91 110 118
1 8 43 51 61 72 73 77 90 100 104 141
32 42 54 59 68 71 79 101 123 137
4 6 33 34 38 72 93 114 120 135 139
4 10 13 17 29 31 40 45 52 71 78 114 145
15 20 51 59 62 87 88 111 126 137
50 64 80 86 89 92 116
12 61 63 70 108 111 128 133
4 35 48 66 74 77 80 99 108 131 144 147
13 20 48 52 81 120 129 142
36 45 62 64 76 96 100 134 135
15 36 69 71 110 129
1 20 65 74 89 90 101 105 108
7 34 35 37 47 89 93 97 116 121 129 136 139
53 67 77 88 90 101 124
2 11 12 21 22 40 41 65 113
14 39 52 57 109 126 134
1 37 73 115 134 145
8 44 46 68 106 132 143
2 5 17 19 22 73 124 132
5 35 41 51 53 68 71 74 120 133
4 6 21 37 50 59 80 99 110 115 128 130 142
15 16 23 70 83 85 97
1 9 19 21 29 30 42 55 68 78 131
10 25 31 39 50 56 109 133
33 52 62 79 92 94 100 119 129 135 141
2 32 36 47 72 83
5 27 74 111 114 135 148
16 24 43 46 50 73 95 113
18 36 51 77 78 92 108 112 116 138 148
53 60 68 88 126 136 145
0 5 44 62 70 88
27 39 49 58 59 103
8 16 36 38 42 57 72 77 111 116 117 128 130
31 39 56 67 84 88 115 133
2 10 11 15 31 82 123 125 134 137 149
16 30 76 84 85 107 133 146
11 24 39 78 90 94 96 106 110 124 131 147
18 30 44 49 65 72 99 107
0 5 42 55 109 131 144
17 20 26 29 94 106 107 116 140
7 25 30 77 80 97 108 110 114 115 117 129
1 8 23 34 55 65 86 88 94 126
3 61 65 84 111 118
1 5 6 27 29 33 41 49 53 66 95 119 133
3 35 46 92 106 118 121 136 138 144
0 32 50 78 99 135
15 22 31 78 91 112 139 148
27 56 64 82 92 97 101 109 112 116 130 131 146
33 36 38 51 82 86 99 108 111 136 139 148
2 5 16 27 48 49 50 58 71 75 134 135 142
9 14 22 29 70 73 81 86 91 130 140
8 29 35 36 46 50 60 82 97 105 123 138 143
6 31 41 67 69 72 86 92 114
9 21 22 38 43 48 108
12 20 34 52 56 70 73 76 79 122 125 138
22 44 53 54 57 65 89 97 115 128 131 132
21 43 88 96 110 114 131 134
45 46 47 101 103 130 143
12 29 93 98 100 128 131
19 22 33 37 69 71 76 81 96 99 124 132 145
9 11 17 21 39 73 89 118 146
10 32 34 40 41 48 73 80 86 90
0 5 13 38 45 58 79 99 118 119 121 133 134
45 49 70 84 105 107 124 148
3 29 64 90 107 115 137
6 9 29 46 52 58 66 98
8 33 64 68 99 100 101 108 125
27 34 90 116 118 119 140
18 31 38 40 65 113 115 148
31 44 63 70 74 77 88 92 93 95
11 25 30 66 70 83 109 130
7 8 32 33 46 64 114 115 122 125 138 144
8 54 75 81 145 147 149
14 27 52 54 67 68 74 77 99 135
21 30 47 54 77 85 122 127 138
14 75 77 86 89 91 116 126 129 141
21 31 40 49 87 107 112
11 18 36 44 61 71 101 122 129 143
6 12 27 36 56 65 66 87 101 111 117 134 144
35 43 72 76 99 104 111 113 128 144
3 12 32 33 71 113 126
20 75 78 100 111 144
7 11 38 51 58 82 87 95 98 102 122 125
8 34 46 49 66 78 79 108 149
11 21 26 40 57 126
4 11 39 50 88 94 96 115
16 28 52 92 96 143 149
24 26 46 50 85 102 114 120 121 128 136 149
4 20 43 74 101 103
5 9 38 39 51 55 67 81 83 91 123
6 16 36 57 66 90 107 149
5 52 54 55 76 105 107 137 144
4 37 49 52 53 68 70 71 97 121 148
24 32 38 42 49 60 65 105 114 120 135
4 12 30 36 90 91 100 118 126 130 135 138
18 24 25 29 30 37
18 28 47 72 74 82 85 89 90 107 120 133 137
3 7 8 34 38 60 69 89 107 146
63 81 83 84 137 142 143
6 31 50 61 64 84 113 117 141
1 11 16 17 26 27 51 53 57 84 88 124
14 26 31 36 62 82
12 46 57 75 77 128 131
19 33 48 64 79 116 125 127 140
24 36 79 92 112 116 142 143 145
40 71 85 90 105 116 126 147
3 10 17 20 48 52 64 65 84 104 131 148 149
1 13 16 34 38 49 52 73 76 87 121 143 146
36 41 55 62 138 149
2 73 86 95 108 136
24 28 43 62 84 112
1 41 63 68 77 96 99 104
20 24 33 35 41 71 80 101 105 120 136 143
1 7 12 30 39 56 57 73 84 90 108 119 143
4 29 44 55 58 62 94 110 116 123 128 129
26 30 41 43 53 55 75 85 95 104
20 21 26 52 58 62 94 99 109 120 127 146
3 42 71 74 81 91 119 129 137 138
3 40 57 85 90 110
3 11 43 69 90 97 140
13 25 36 42 47 59 76 102 109 114 136
8 52 54 89 103 116
13 15 23 48 56 103 118 145
46 59 66 71 89 96 97 115 126 127 133 136
27 31 54 77 87 93 95 99 113 117 118 134 147
6 30 34 41 64 79 86 94 128 135
0 12 22 49 88 112 148
19 22 54 75 93 126
7 28 53 89 92 96 120 132 138 146 148
0 46 82 84 92 108 130 147 148
3 37 45 48 52 68 80 86 90 110
6 34 38 44 87 118 140 142 145
2 43 64 94 117 120 122 128 138 140 143 148
4 18 20 36 76 79 91 100 112 116 130 144
1 4 59 61 102 147 149
12 23 30 45 55 79 96 127
5 12 22 29 72 75 81 93 111 120 138 143
9 11 39 51 64 73 82 98 99 102 115 123
34 43 46 53 86 92
45 49 75 82 91 143 148
6 32 39 44 45 54 76 82 86 148
4 11 32 33 47 48 68 79 101 123
16 50 66 83 90 129 132 136 145 148
4 27 67 89 90 112 114 140 149
6 20 62 75 83 97 122 129 147
0 27 28 36 49 80 85 93 102 127 147
13 95 97 104 108 117 133
23 28 40 49 72 99 114 116
25 39 41 50 89 94 107 115 139 147
34 45 51 64 67 69 77 109 111 133 142
15 31 39 51 52 77 79 99 109 126 130 133
5 30 42 45 60 65 71 78 115 124 130 132 147
19 23 25 46 73 76 83 118 129 132 139 145
9 11 25 27 70 76 84 104 105 125 134
14 21 25 39 60 72 131 139
8 15 26 35 36 55 61 88 135 144
17 25 34 36 67 74 83 93 143
5 21 23 58 80 116 147
6 39 88 102 114 116 132
11 24 25 37 39 46 50 57 131 132 144
6 12 29 45 61 67 73 104 122 140
15 28 30 31 33 46 48 60 64 72 82 101
22 24 28 35 87 138
19 42 48 81 88 103 115
25 56 62 95 108 109 111 149
11 13 17 27 100 117 126 144 148
12 17 27 29 108 110
5 9 15 19 53 58 75 135 140
10 77 86 94 119 145
9 20 22 31 34 78 100 101 125 132 142 144 146
10 41 51 58 69 101 130
41 54 70 91 117 131 142 147
3 21 41 51 69 85 89 90 124
7 18 48 56 62 64 67 75 107 115 131
6 17 27 68 86 87 102 140 144 145
0 31 56 59 70 85 97 106 110 112 117 130
6 27 29 35 46 81 123
6 13 18 70 83 94 106 115 119 126 128 141 148
10 22 28 43 46 55 56 72 100 114 119 134
0 13 37 64 72 91 92 96 107 114 115 129 134
0 11 19 28 31 55 56 60 91 92 107 132
10 15 20 54 77 89 90 92
12 23 33 56 76 89 116 119 120 136
1 23 32 45 49 57 71 80 86 104 107 135
17 18 35 57 59 75 128 129 139
46 47 70 90 101 135
3 19 45 52 59 61 69 128
1 6 21 26 69 94 97 126 129 130
1 7 76 77 89 93 102 109
8 13 20 22 39 44 71 100 117 121 133 144
5 6 12 14 22 51 79 90 110 127
1 22 79 93 104 143
5 28 42 43 99 119 120 124 137
35 37 41 80 104 114 145
28 40 42 50 64 69 78 80 92 96 109 115 149
0 41 58 89 92 94 107 120 122 149
5 8 42 47 55 69 88 89 133 139 142
3 57 83 120 123 143
27 29 34 55 59 69 100 110 126
1 3 40 49 54 57 58 144
39 48 79 82 87 122
10 18 48 55 66 72 80 105 121
10 13 25 30 35 55 76 82 90 99 109 125
1 38 47 100 118 126 138
12 57 62 81 97 111 129
2 7 24 44 53 90 113
16 44 66 80 82 110 114 117 119 130
22 24 85 101 116 141
3 26 73 74 81 85 136
21 23 70 93 96 140 141 148
20 24 31 38 59 83 87 95 119 120 142 145
65 73 75 90 112 122 130
2 3 27 82 83 115 125
14 28 46 53 64 97 104 108 123 147
3 7 10 70 76 89 90 125 131 135
28 42 44 56 59 83
17 19 39 101 130 131 133 137 143 146
9 27 51 53 69 70 110 119 121
5 37 43 44 47 65 108 113 119
4 8 18 54 70 96 99 100 121 128
4 10 33 54 82 86 96 122 132 140
18 19 42 48 66 75 82 87 114 138 149
24 29 33 35 54 57 65 102 105 121 131 132 142
22 44 106 113 115 146
4 33 36 80 82 85 101 102 126
18 40 85 94 114 131
22 25 31 41 73 93 95 97 102 114 139 142
4 19 26 34 35 36 47 48 63 75 90 96 107
8 20 22 71 75 76 79 88 108
1 8 53 61 64 76 77 102 108 113 138 144 146
11 38 45 46 50 64 77 129 132 144
47 56 68 71 89 121
0 7 20 37 42 45 106 131
0 7 11 28 69 82 108 126 133 134
2 14 43 44 74 86 94 101 113 135
5 12 13 62 64 132 143
6 14 15 17 68 77 85 86 110 121
13 25 27 56 76 78 98 103 106 119 140
11 12 28 29 41 57 59 92 100 106 126 130 149
8 11 25 47 56 128 146
0 45 68 86 99 118 146
11 21 44 84 90 99 100
13 23 38 45 51 82 98 102 107
33 51 59 99 138 147
16 38 41 42 50 61 80 83 117 120 128 147
43 56 57 64 95 98
6 15 17 30 41 60 69 82 92 104 106 108
25 29 30 39 50 84 86 123 124 127 132
11 15 17 38 40 67 91 113 125 134
6 8 23 35 45 87 102 117
23 45 75 85 91 105 109 115 118 130 137 149
6 31 60 66 107 118 119 138
8 30 52 60 63 103 121
11 28 37 39 44 51 84 111 115
6 10 20 34 56 63 70 87 97 105 120 133 142
1 10 36 85 92 93 138
75 84 109 120 127 132 137 144
12 32 75 111 115 132 148
12 35 37 41 78 79 80 88 112 134 138
13 18 66 80 89 118 125 134
34 47 58 79 99 112 133 141 146
3 15 17 35 40 81 108 122 124 129 137
7 8 14 16 64 103 107 112 120
11 22 53 55 78 88 106 108
10 29 32 45 104 107 111 130
29 37 50 64 65 71 78 96 114 117 129 135 138
24 36 52 64 68 77 118 133 143
29 44 76 78 84 93 122 139
10 18 29 63 75 78 83 132 138 148
6 62 102 109 115 117
21 22 31 36 43 44 51 93 98 115 118 128 142
2 3 63 73 83 98 117 125 147
0 8 11 16 32 39 81 145
2 18 21 27 43 56 59 87 96 126
24 39 42 45 50 74 88 98 115 122 139 147 149
7 17 20 31 32 64 89 112 119 124 145 148
7 9 54 72 75 77 79 133 140 144 147
0 35 41 42 46 71 80 83 88 105 135
19 26 66 67 79 83 115 116 117
5 21 27 47 70 78 115 147
14 15 47 48 82 98 143
49 53 58 111 123 133 136
20 27 33 44 92 95 104 112 117 123 132 137 141
2 13 26 28 29 96 118 125 147 148
6 18 29 33 45 46 70 97 108 129
11 22 55 61 119 148
27 104 126 129 130 149
6 14 20 43 51 66 86 94 100 109 131 147
9 44 58 68 82 115 131
49 51 58 67 87 108 110 122 145
1 15 45 48 61 74 77 81 85 95 115 126 127
6 34 50 68 72 78 83 85 113 125
4 29 31 37 51 57 63 92
12 63 66 71 96 119 121
3 18 26 73 82 117
22 27 29 35 107 120 144
13 41 56 85 94 100 104 124 129
14 42 56 63 67 111 136
6 15 49 55 57 63 69 81 84 114 116 117 131
11 13 21 62 63 76 85 97 131 140
0 3 4 19 28 30 36 67 90 103 130
8 46 57 75 97 107
13 27 30 48 55 56 60 81 82 90 94 107
6 38 46 49 50 60 136 149
12 62 85 95 96 108 114 147
5 22 23 35 62 63 80 82 84 89 94 143 145
25 46 50 64 74 141 146
15 20 43 48 62 68 119 121 145 146
6 26 46 47 54 57 85 106 116 140 149
8 36 55 106 109 124 128 134 136
5 8 17 27 32 81 90 91 148
5 9 38 84 95 106 109
6 24 39 46 48 67 86 92 107 111 117 138 140
2 24 41 67 72 74 81 86 114 120 124 139
6 35 45 59 64 72 78 84 89 107 111 144
10 25 28 34 44 75 83 88 98 120 133 137
2 6 29 38 64 74 94 116 120 149
0 35 36 72 74 123 144 147
41 48 49 75 93 99 107 110 127 143
3 25 42 44 69 87 92 98 119 125 126 130 140
16 29 40 43 60 67 72 91 103 141
0 30 50 53 86 97 139 145 148
3 23 24 26 35 52 88 93 98 114 132 140
7 11 40 45 71 74 85 97 103 109 131
4 31 58 70 84 85 86 87 131 146
56 57 76 84 101 105 107 115 131
25 30 35 44 59 61 69 92 129 130 137
25 36 42 59 63 64 66 70 97 118 126 127 131
7 23 31 80 110 118 136
1 10 16 18 21 27 41 42 94 115 137 141
27 48 51 54 67 79 93 141 144
5 36 51 57 70 82 97 109 131
5 7 33 42 45 46 56 60 83 102 124 139
7 28 35 50 85 89 106
14 64 65 80 86 100 102 107 110 116 126 147
5 28 38 55 78 111 118 127
3 9 10 19 43 56 95 98 100 114 118 127 128
6 30 42 52 67 69 75 82 87 92 103 108 114
28 31 37 76 83 87 115
10 21 36 54 72 110 113
30 42 46 56 79 83 96 105 117 132 137
8 30 54 64 85 91 94 125 137 148
3 13 26 40 51 75 90 125 128 130 138
25 32 35 42 50 52 88 111 112 141 148
19 64 75 109 114 119 127
1 21 25 41 52 54 72 78 85 124
54 58 81 82 87 102 118 124 139 149
27 42 44 57 58 67 69 71 81 123 128 132
6 8 20 30 46 80 127 132
39 41 65 74 77 98 106 107 111 132 144
0 24 30 64 66 74 110 112 121 130 134 135
20 31 45 56 61 89 106
49 61 64 84 89 101 103 105 107 115 133 134 139
18 39 70 105 115 117
10 25 36 120 142 144 145
5 9 67 92 123 147
4 46 64 92 99 107 111 117
4 26 31 90 101 144
39 47 80 98 104 111 114 125 127 137
20 25 30 48 67 89 97 123 143
20 74 92 96 98 141
25 34 59 101 124 134 140 146
7 12 18 34 100 130 134 149
12 20 36 41 66 75 128
2 26 57 82 97 116 146
1 6 7 33 42 43 57 59 78 120 126 129 147
8 9 17 54 74 76 85 124
5 14 15 24 35 39 54 57 69 96 100 124 135
2 19 30 35 53 62 89 101
7 12 32 35 110 148
6 17 44 117 127 136
8 9 34 48 104 110 111 122 132 134 144 147
28 48 51 65 66 99 102 120
15 26 44 47 51 65 77 97 106 107 117
2 20 32 36 45 52 53 57 93 97 126 144
0 26 27 31 47 51 76 122 140 149
12 24 91 100 122 134 135 139
3 24 104 106 120 133
4 7 16 44 48 80 90 96 114 126 129
10 32 36 62 81 97 115 123 146
13 22 30 61 84 112 120 136 148
30 43 104 106 122 123 124
19 21 63 76 83 123 124 140
3 33 54 64 81 111 112 137
19 20 44 45 53 58 68 81 89 95 121 141 145
22 34 37 44 84 85 103 116 149
25 49 57 74 96 111 124 126 138 145
0 40 51 54 59 62 72
1 56 63 64 97 117 149
6 7 12 31 32 37 50 55 61 81 111 137
9 29 89 114 125 140
8 19 42 46 78 91 125 143
14 22 29 34 39 52 76 83 119 127 130 145
8 12 14 20 23 87 94 111 117
6 20 28 32 37 46 66 69 87
18 27 39 47 71 76 78 79 119 132 143 145
1 6 9 59 64 66 74 85 110 123 128 141 146
0 12 17 38 67 78 89 95 105 124 130 133
45 85 109 110 115 140
10 48 65 69 83 90 97 122 137 139
12 27 67 78 79 80 87 115 118 119 123 135
4 27 45 95 97 106 112 120 124 126 133
6 40 57 74 84 87 107 111 134 138 149
9 14 26 70 91 116
3 5 11 13 17 48 59 81 95 98 106 107
18 27 28 29 45 59 60 103 123 146
6 22 28 51 56 71 78 91 111 135 147
17 21 38 61 123 124
4 26 40 50 63 65 72 78 91 112 114
22 37 48 65 74 97 99 113 131 142 146
0 1 11 17 19 27 47 66 85 105 144 145
24 53 60 69 73 79 87 111
30 70 113 115 131 132 137 143
27 48 113 135 136 140
29 58 70 82 93 109 111 121 122 123 126 131
7 60 87 102 118 120 131
4 9 57 60 67 71 75 86 87 106 115 133 136
14 20 21 22 26 27 44 79 80 126 127 129 132
4 11 26 30 53 64 65 84 95 97 106 128 148
0 14 30 60 61 70 74 103 110 111 121 136
10 39 53 76 92 125 130
3 11 15 33 46 55 131
9 25 37 41 43 60 112 113 134
7 35 56 62 69 82 93 138 144
0 24 28 43 51 78 109
3 6 14 62 86 101 114 118 135 143
24 35 53 57 62 66 69 72 78 79 93 100 117
42 47 102 105 107 122 123 141 147
8 20 25 33 34 37 74 100 137 144
3 61 73 76 82 115 121
19 23 41 44 62 117 121 132 133 136 141
7 10 23 44 56 113 114 116 123 129
12 15 36 46 94 101 110 111 112 124 132
1 7 8 13 32 41 67 77 82 85 104 143 148
2 8 16 56 58 63 74 95
36 70 88 90 113 118
8 11 52 73 76 79 91 112 125
0 4 32 43 73 101 116 132
3 19 22 61 80 81 89 91 109 110 147
10 16 20 51 60 63 72 100 101 111
0 8 22 32 75 83 101 114 119 143 149
7 36 44 86 90 94 101 129 142
2 32 40 74 86 121
70 71 75 90 96 106 115 147
32 33 43 48 85 104 110
1 20 33 49 103 130
1 20 27 64 71 74 125 131
9 18 46 77 106 113
6 8 12 22 76 78 81 103 106 127
4 22 26 28 80 95 104 116
23 59 91 102 103 105 114 119 128 137 142
4 41 48 51 112 136 141 145
15 53 56 62 66 73 85 94 100 124 134 149
23 28 69 71 73 120 127 142
0 6 18 39 43 91 93 94 124 125 128
17 32 55 68 95 138 142
19 20 23 50 55 58 70 106 107 115 148
16 29 30 33 77 88 99 102 110 126 141
7 36 40 50 57 72 89 112 122 127 145
10 13 24 32 35 39 53 56 68 105 114 125 149
8 20 48 57 88 92 103 114 127 133
0 23 34 54 86 93 98 117 135 137 143
12 25 60 84 87 95 96
13 55 75 80 101 116 130
1 37 63 77 80 90 92 100 112 114 121 126
7 23 38 43 45 75 99 102 107 113 124 128 135
12 13 26 29 58 70 85 87 113 115 134 143
19 52 75 95 115 129 144
5 22 125 131 139 140 145
7 31 48 55 91 93 97 115 127 128 129 137 141
18 25 53 62 63 72 73 77 81 139
1 7 31 55 83 103 120
32 42 58 87 109 111 115 117 134
20 54 58 65 82 89 91 106
38 53 62 63 108 137
10 14 42 45 54 119 120 124 126 129 131 135 138
37 53 57 74 80 87 90 102 117 120 131 147
2 5 25 68 78 91 98 102 116 134
8 30 34 35 39 90 98 131 144
2 16 21 24 87 129 139
20 33 74 85 93 121
5 67 77 86 115 147
7 25 33 55 56 89 92 116 145
12 21 35 70 125 139
54 63 70 80 101 120 140
48 51 56 60 79 90 96 109 118 123 144
8 10 24 28 47 67 76 101 110 120 123 138 144
17 33 36 43 48 52 66 67 72 110 117 129 144
0 33 64 69 87 112 146
19 22 23 24 38 50 53 66 72 106 130 141
39 44 48 50 72 89 112 115
4 10 24 28 29 35 50 73 82 100 124 137
13 29 32 35 53 90 91 102 107 117 119
3 16 47 53 75 106
35 77 98 110 134 144
13 20 35 38 50 60 65 80 103 114 123 134 141
11 14 21 79 114 127 129 146
33 54 56 70 73 75 82 91 102 107 111 120 123
9 16 26 33 41 62 79 85 97 114 143
14 18 48 51 54 55 60 68 108 115 118 119 127
2 3 47 52 61 71 77 97 115 119
5 28 59 78 86 123 125 132
13 19 28 60 65 77 86 123 140 146
31 43 56 65 76 87 90 145
2 6 31 49 50 99 101 106 116 145
26 45 49 58 60 66 102 105 111 121 130
13 17 39 48 55 67 88 99 100 109 119 130 142
3 25 103 107 120 140
37 41 47 54 64 75 105 124 125 126 130 136
17 26 46 49 74 76 78 99 120 124 132 136 149
22 35 48 52 59 82 132 146
24 43 57 77 98 109 118 125 140 144
14 15 18 31 34 38 40 58 66 70 118 124 141
14 20 23 32 35 39 54 58 66 93 94 109
0 1 11 20 29 51 80 95 133
2 10 26 41 46 63 82 110 134 147
45 62 82 113 117 139 141 146 147
13 15 18 26 48 69 75 81 85 106 107 122 139
2 7 12 26 99 122 128
9 19 37 38 46 79 93 103 131
16 47 54 63 98 107 118 148
42 47 60 64 68 85 90 97 120 143
4 18 23 41 77 78 100 104 130
10 13 35 36 54 60 75 86 102 142
1 12 13 99 124 134 135
54 60 65 103 105 134 148
18 54 77 80 87 111 143
7 10 11 31 40 45 52 59 110 123 143
1 10 13 29 36 40 42 55 74 85 88 105 136
11 12 14 80 81 104 105
13 36 112 127 139 148
8 12 13 28 35 40 50 51 61 79 98 119 136
36 46 62 107 108 115 126
14 40 72 77 85 101 119 123 138
4 12 15 35 57 97 107 125
0 1 41 44 75 85 104 111 118 130
3 15 21 22 31 39 42 54 61 109 136
2 23 25 57 68 122
25 74 76 103 110 114
23 39 44 45 84 104 112 144
4 20 24 25 28 50 60 84 98 104 124 142
8 12 22 26 31 38 59 73 122 125 137 139 140
8 16 25 28 50 58 87 113 125 127 134 140
1 21 28 30 65 70 104 128 134 139 148
3 21 28 52 57 59 115 132 135 136 142
0 13 22 29 30 73 74 79 84 106 107 122
3 29 42 64 67 83 98 110 119 124 131 136 144
20 44 80 94 95 100 118 126 143
12 20 21 68 78 84 98 139 140 142 147
32 35 74 99 131 135
9 16 25 52 60 76 79 89 90 123 141
1 8 13 18 25 60 89 109 128 134
2 54 79 85 90 126 133 138 144
5 6 8 15 20 40 48 59 70 95 112 120 140
27 30 51 52 88 91 125 135 147
32 33 42 53 57 84 112 127 135 137 140 143 147
37 97 111 125 140 141
5 33 60 68 84 112 128
11 21 41 54 89 117 147
4 20 87 129 136 140
1 6 38 43 46 52 67 99 103 107 119 145 148
1 18 24 27 32 58 71 72 91 96 145
4 55 60 97 101 115 136 137
50 69 72 79 105 120 128 137
35 37 53 81 85 120 123 128 143
1 42 60 62 92 137 144 148
0 85 100 101 111 112 129
25 37 43 59 67 105 115 144
27 71 74 100 106 129 144
9 40 66 78 89 98 118 144
5 19 24 34 41 43 98 99 117
9 59 65 80 89 96 109 118 124 135 148
28 31 48 62 72 91 101 109
33 59 64 83 87 141 144 146
33 38 61 63 68 78 86 91 94 118 119
1 6 27 41 42 47 69 72 75
18 34 47 55 77 95 98 105 120 139 149
28 33 65 73 82 108 109 131
41 47 67 78 97 101 115 131 132
4 10 40 55 56 63 91 92 103 111 131 143
54 56 79 81 97 104
15 23 46 69 74 87 100 133 138 140
16 34 36 40 46 88
11 12 53 62 73 113 119 127 132 134
5 23 24 38 42 61 79 83 109 110 111 113
18 23 63 87 101 112 138 146
5 25 35 49 66 69 71 75 110 143
0 50 59 61 93 104 127 130 134 140 148
2 28 38 50 76 79 81 106 119 124 127 139 145
24 77 99 116 117 125 141 142
21 40 108 113 130 143
13 47 52 56 87 112
4 30 65 67 74 77 86 87 93 124 135 140
1 29 53 55 115 132 135 136
9 14 29 36 39 47 57 75 77 78 97 129 136
1 3 7 20 49 67 77 84 103 106 148
19 25 41 81 84 109 110 116
21 23 42 81 96 108 119
4 18 42 48 68 76 77 134 143
5 12 25 26 32 61 97 104 125 135 139 142
4 28 49 58 76 95 103 128 131 142 143 146
29 31 40 47 61 83 93 94 141
11 14 17 31 88 100 116 123 132 146 147
7 9 14 17 82 118
4 11 30 43 50 66 77 95 100 105 142
1 21 25 108 116 128 134 135 136
3 47 57 61 77 79 83 99 118 135
30 33 68 73 127 140
9 41 47 62 69 71 100 104
10 13 21 22 50 60 78 81 92 96 101 128
18 32 54 61 72 87 90 95 103 123 124 149
2 23 24 43 53 55 68 78 105 110 117 124
22 26 30 103 110 126 137 138 142
9 18 22 31 43 56 57 90 100 105 119 122 126
12 17 61 101 119 136
14 34 52 55 112 120 130
3 47 61 70 75 85 122 136 140
9 15 60 69 70 91 113
27 31 43 80 85 90 102 106 120
1 5 8 10 44 52 55 63 83 118
67 95 96 101 111 113 137 147
23 35 44 71 72 83 106 110 130
23 28 52 72 102 123
7 26 38 42 86 104 112 114 118 134 138
13 73 74 85 86 116 133
17 29 33 43 45 61 76 116 126 143 147
0 11 13 22 54 78 86 117 141
9 14 15 23 44 48 49 57 88 113 121 127
5 11 24 31 35 37 89 106 118 130 141 143
0 11 23 40 87 94
39 48 59 60 89 108 122 129
21 32 45 83 94 99 110 117
16 19 21 48 52 76 78 88 99 113 131 137 144
9 40 45 56 78 84 85 120 133 134 140 149
9 28 36 43 44 62 69 74 114 123 131 132 133
21 25 38 71 73 80 85 95 119 120 133 139 143
3 22 61 67 95 110
36 75 107 111 129 148
1 15 29 72 91 117 144
8 10 33 35 54 59 70 74 96 112 121 126 134
8 35 71 82 105 109 113 126 141
0 6 20 44 51 57 75 106 122 137 139 144
23 40 62 83 98 102 104 117
3 31 34 36 63 88 102 113 129 131
5 26 33 70 115 147 148
20 66 77 85 90 99 123 135 148
16 61 63 82 103 106 137 145
7 31 51 52 78 118 121
42 44 59 74 78 96 114 117 122 129 143 144
57 95 98 107 113 130
2 33 57 69 72 74 123
33 48 61 62 70 93 107 110 120 125 138
29 63 64 94 97 98 118 139 145
5 18 27 63 79 80 85 95 101 129 133 137
25 44 46 50 103 133
12 30 64 74 99 101 105 120 142 147
2 19 20 34 39 49 65 104 119 144
0 16 26 63 65 80 106 119 135 143
35 36 46 54 55 59 85 94 117 122 135 140 146
29 35 39 72 82 84 86 89 112 126 140 142
26 38 48 70 100 104 116 124
13 21 29 34 38 67 81 104 135 137 144
12 22 49 50 52 96 111 125 137 141 145 147
14 19 44 61 64 65 69 102
47 58 59 90 108 119 126 142
26 31 40 55 64 77 94 108 119 124 132 136 145
9 13 30 39 50 57 88 110 112 124 133 145
9 26 38 44 66 89 90 94 101
5 21 47 57 85 92 107 112
2 42 114 115 136 148
28 39 41 63 64 90 98 118
34 55 57 64 76 86 133 137
30 39 43 65 66 81 113 129 144
17 22 27 36 58 77 88 98 99 109 123 132
13 22 33 55 104 134 149
21 30 37 72 77 80 85 98 102 103 104 148 149
23 25 60 76 77 79 142 149
27 34 59 100 108 147
40 49 50 63 70 73 110 119 120
6 42 44 47 98 113 115 126 129 136
10 11 23 56 60 112 119 126
8 25 78 87 88 89 120 124
2 12 36 52 63 76 80 87 123 135
23 55 82 88 95 141 142
10 27 28 38 42 125 146
24 55 105 115 121 135 144
33 58 75 76 94 108 133 140
24 25 26 36 39 60 64 73 83 124 143
8 14 53 76 79 86 87 95 136
12 23 28 46 62 63 71 72 149
12 19 23 30 105 130
15 32 55 58 72 118 131
11 14 23 41 67 79 90 99 147
23 32 38 45 52 55 86 90 94 110
23 52 75 102 113 118 134
11 23 24 44 61 62 89 100 123 132 133 135 136
3 95 105 109 123 142
14 25 45 110 112 135 142
0 47 59 77 87 119 127 142
52 59 69 78 128 133 137 138 143
11 25 75 100 142 144 148
1 49 59 64 84 87 106
1 3 4 81 107 113 115 128 149
13 21 29 46 66 74 81 101 114 123
13 55 64 77 80 107 124 132 141
9 68 84 97 104 132 137
4 26 70 92 105 132
16 19 46 66 69 85 94 99 102 126 143
26 37 49 60 81 90 147
21 60 75 78 100 101 123 125 137 140 147
4 10 24 44 45 55 56 79 89 102 114 124
12 20 24 27 53 63 111 113 122 126 140 141 148
17 42 43 66 69 75 88 110 135
27 40 68 88 95 97 109 111
29 32 50 56 116 136
28 95 97 100 113 117
3 16 23 38 40 56 66 81 82 95 111 130
20 33 50 64 67 77 80 92 101 111 132 136
2 85 88 111 131 133 141 148
0 2 9 55 64 86 91 93 104 108 139
22 49 50 57 61 66 99 132 134 137 138
10 59 63 84 125 143
12 31 32 58 112 122 133 134 142 144
14 52 55 60 66 83 92 110 124 140
7 48 86 96 101 103 133
36 52 58 61 66 86 101 106 116 123 135
6 31 69 82 106 117 134 143 146 148
17 29 39 41 82 101 108 112 142
9 30 34 41 54 91 94 106 113 116 122 129 148
4 23 36 40 48 72 104 135
34 42 75 94 102 108 112 115 127 128
17 18 19 40 43 51 100 102 114 119 126 143 148
9 28 40 116 140 144 148
17 19 30 94 98 99 108 114 125 145
15 23 60 74 81 89 120 127 139 146
7 19 21 37 59 60 75 83 97 100 103 126
11 12 20 50 89 102 103 143
11 20 25 76 81 100
20 26 31 44 50 82 97 100 129
15 25 37 61 68 89 100 115 133 134 136 138 142
15 16 18 25 30 38 56 59 76 95 114 127 149
13 36 45 49 67 70 116 120 140 142 145
23 39 45 64 69 78 102 105 111 113 129 131 137
58 84 94 100 133 134
21 30 47 74 88 93 128 139
37 51 97 105 127 143 149
0 9 22 77 90 93 100
18 21 57 85 92 93 119 139 142
11 13 35 47 53 64 79 104 125 128 147 148
2 16 17 49 106 108 109 138
6 27 33 50 53 54 75 92 97 108 116 140
31 33 99 109 116 138 148
7 8 23 27 30 49 79 83 84 87 127
4 33 35 43 50 60 88 130 139
30 31 33 38 54 80 82 107 118 127 133 136
25 28 41 50 63 102 122
54 82 94 95 100 125
17 36 71 80 93 144
3 9 16 17 20 29 113 115 140 141 143 148
37 48 78 81 88 102 113 122 132 144
3 5 27 48 64 87 114 118 130 137
15 30 50 95 125 141
20 24 30 37 77 87 97 117 127
6 13 25 61 64 66 82 83 91 129
19 21 36 63 68 90 114 128 134
30 34 42 55 61 62 87 90 126
1 4 6 16 18 45 50 62 69 84 105 108
6 32 43 101 140 145
14 20 66 70 99 112 113 115 149
18 24 31 49 58 87 94 109 121 132
18 30 35 61 67 68 84 92 113 125 144
17 41 52 66 72 124 143 147
15 38 67 86 111 114 137 146
20 50 88 94 99 101 123
11 28 45 59 84 110 126 127 134 146
27 31 41 58 65 67 97 99 108 118
22 24 43 56 66 88 92 118 119 121 122 139
8 9 42 49 60 76 89 90 120 121 138 147
12 16 21 22 32 43 93 99 102 108
0 7 52 69 118 120 139 149
3 16 18 21 34 36 68 88 98 103 134
13 22 24 51 62 67 108 124
12 14 28 46 48 69 80 110
6 19 25 31 45 53 63 66 119 134
15 32 38 41 54 55 83 85 121
2 8 20 38 64 77 84 103 110 114 124
19 37 61 67 73 84 85 94 96 134 136 140
87 95 105 109 113 115 143 146 149
24 33 42 81 97 108 113 123 126 131 133 136 144
25 36 43 81 82 95 97 101 106 112 113 125 126
4 15 40 47 75 87 141
22 25 27 29 40 68 80 103 105 117 135 147
14 15 24 37 50 54 111 121
15 35 49 54 61 62 66 72 84 94
2 9 27 97 112 113 121
0 2 39 50 53 73 104 110 141
3 6 49 77 79 84 129 148
17 46 62 68 76 90 113 136 142
39 45 70 78 99 101 118 136 143 148
0 41 45 46 55 63 69 128
0 18 20 34 42 43 57 58 122 132 140
12 31 59 125 139 146
7 11 12 15 46 72 73 107 124 129 136
12 17 20 45 47 99 109 137
77 103 109 115 134 135
1 3 17 70 73 82 105 125
1 7 10 15 31 33 39 64 67 78 86 92 112
1 19 21 38 46 47 83 84 95 108 110 120
19 40 45 58 60 62 94 108 109 141 149
10 13 44 49 60 93 104 125 126
29 32 34 37 67 83 98 103 113 127 128 133 144
5 56 66 68 77 94 99 100 112
3 8 14 27 43 67 72 77 96 103 118 146 148
17 53 60 113 118 119 148
15 18 35 42 75 82 84 89 115 121 122 142
17 37 42 50 62 95 109 126 137 141
39 41 46 57 60 63 82 98 115 140
18 88 103 106 124 133 141
8 26 28 43 44 53 61 89 123 133 146
3 5 8 34 42 47 65 86 138
6 10 12 36 91 115 116 134
51 60 65 66 70 72 81 109 121
33 40 60 61 65 82 92 104 111 126 133 140
17 44 53 58 82 98
6 14 15 21 45 48 83 86 94 107 116 147
5 54 62 73 87 106 111 120 131
4 6 43 47 69 99 109 122
50 54 74 91 106 107 110 143 145
15 18 25 29 31 54 89 114
28 29 45 105 108 113 128 129 135 149
24 27 64 82 100 135
29 38 69 71 77 109 126
21 32 54 102 109 120 127
0 11 19 20 27 43 80 95 104 116 119 126 131
28 37 40 54 66 120 123
27 30 34 36 46 90 130 139
7 10 15 59 75 76 86 97 105 106 139
0 23 79 80 83 101 106 118 124 149
12 21 35 54 57 97
21 22 62 77 89 92 113 119 122
17 18 60 61 64 72 79 94 103 121
6 8 15 23 32 42 49 78 102 144
2 8 43 49 51 76 82 95 109
20 21 29 36 46 60 76 96 107 124 140
9 12 19 88 97 105 123
0 7 19 26 35 63 73 79 84 85 93 105
8 21 37 58 78 91 103 105 108 113
26 27 34 42 44 46 49 76 78 80 90 136 142
5 6 9 12 14 50 68 70 84 90
17 20 46 60 62 64 81 99 100 104 114 124
19 53 56 68 77 82 87 90 110 126 149
30 40 74 83 89 126 148
2 24 58 113 121 142 146 148
0 8 11 20 44 46 120 135 144
11 12 22 66 72 77 99 119
14 24 55 68 74 84 96 99 110 114 130 136
3 26 30 49 51 95 97 100 103 106 142 145
21 33 40 49 58 64 71 76 102 134 135
23 31 84 88 126 139 140 147
23 36 52 53 56 63 81 84 103 105 118 132
21 44 73 76 124 126
19 22 31 32 34 66 102 103 104 115 122 148
30 31 85 99 120 128 136 138 147
18 29 34 42 46 59 60 67 74 103 113 120 140
12 15 18 27 56 57 76 84 101 119 126
12 19 44 68 93 117 123 131
27 40 41 56 59 126 140 149
