3 10 12 31 41 64 87 92 123 124 127 137 138
28 47 54 82 116 129
4 13 19 46 59 118
5 18 64 71 119 133
2 37 40 61 83 90 102
5 19 20 31 33 63 75 90 110 121 122 126 131
13 17 44 59 87 123
6 12 26 32 58 65 76 77 106 124 127 130
0 18 23 31 42 54 77 90 93 102 113
13 39 69 74 75 119 131 143
16 36 37 46 47 54 69 73 82 88 97
10 49 63 95 99 146
6 9 51 82 111 124 146 148
26 40 41 51 83 89 106 114
23 25 53 68 86 128
31 34 72 129 134 145
4 23 32 35 50 75 78 89 108 110 131 142 144
4 20 43 46 68 76 102 109 130 132
4 8 29 38 48 56 95 125 148
10 40 43 82 101 104 123 142 143
17 46 47 49 59 85 113 116 123 145
11 28 59 63 78 81
16 23 34 38 39 60 69 83 109 123 146
21 27 34 55 82 90 115 119
78 88 89 90 121 137 138
0 13 42 54 61 90 100 110
14 16 17 56 80 81 112 116 125
15 24 33 60 110 111 138
2 7 21 30 38 52 84 85 99 105 132 137
4 20 45 60 88 94 115 143
17 18 19 24 51 61 72 79 85
1 2 71 80 85 147 149
24 37 54 60 66 91 138 148
20 66 87 92 99 143 147
3 32 34 43 64 66 72 76 94 95 111 145
18 19 67 70 77 120 126
5 13 43 80 83 86 121 144
13 18 21 32 36 41 96 100 116 133
9 20 62 75 108 127 135
1 30 31 43 46 48 70 82 110 114 125 130 148
2 16 23 35 36 45 61 68 83 90 116 128
22 28 32 42 57 70 102 109 115 137 143 147 149
55 61 92 99 109 133 146
12 33 59 77 80 85 96 102 108 114
1 11 23 37 47 72 91 97 120 123 129 130 146
18 48 63 69 77 106 108 121 123
3 48 49 59 76 103
81 85 91 92 95 112
8 19 68 72 76 86 91 121 131 135 141
73 77 84 94 98 115 124 125 130
34 36 52 59 62 74 77 85 103 109 130 136 138
23 29 30 35 39 42 64 72 83 87 128 135
37 42 44 65 67 123 137 138 144 146
0 30 34 61 83 127
29 31 34 47 56 65 86 95 103 125
5 10 19 51 64 77 84 103 107 110 147
16 21 35 46 47 51 70 82 85 107 117 140 143
24 25 28 40 45 48 60 78 89 118
21 48 50 59 67 69 93 97 99 119 126 141
21 29 34 38 53 56 60 75 148
44 66 73 104 107 108 112 117 131
7 20 42 69 80 99 105 106 109 116 130
7 21 22 34 122 137
0 2 16 44 50 59 63 84 89 98 111 122 131
2 3 18 26 30 49 57 78 93 146
6 26 48 54 73 74 75 84 99 117 126
11 33 50 51 83 91 106 107 113 130 136 140
33 39 46 55 89 91 105 108 119 121
11 12 64 74 90 99 107 115 132 136
15 17 39 50 51 99 138
1 43 61 71 76 84 86 121 126 140 148
7 8 38 52 65 97 101 144
33 40 51 61 100 121 132 135
10 24 31 49 68 94 107 133 140 141 144 145
90 101 117 129 134 140 148
5 11 25 45 46 57 82 97 110 118 124 137 146
3 7 22 81 104 106
26 44 71 78 84 128 139
22 45 56 61 83 99 103 113 148
0 6 44 46 53 74 80 92 120 131 135 142 147
15 43 44 72 81 108 118 123
2 17 39 42 43 67 83 145
21 31 40 66 79 135
27 46 47 84 134 149
6 13 15 39 55 57 75 92 101 102 116 117
6 37 44 55 76 103 131
23 35 36 50 62 65 72 73 112 113 114 123 130
0 3 19 43 58 82 85 104 125 145
23 38 42 53 77 104 108 111 112 117 121 142 146
0 8 37 54 55 118 122
13 31 88 130 134 149
0 3 11 18 29 99 119 121 139
4 5 10 106 132 139 148
16 25 39 86 103 129 147
24 44 50 66 70 139 142
44 56 60 98 115 124 127 130
16 63 90 96 111 113 117 124 126 129 145
6 22 55 56 75 76 82 101 103 113
4 5 7 23 33 40 45 72 77 97 98 115
8 9 15 27 54 74 80 89 94 106 120
16 38 78 96 120 143
0 18 19 29 63 72 80 133 141 149
9 22 30 35 43 55 75 90 96 97 105 136 140
1 20 28 56 64 72 74 92 142
8 41 50 55 65 75 83
25 45 57 63 90 94 111 116 129 142 143 146
13 15 18 35 46 60 66 82 84 108 129 149
3 6 42 51 99 113 144
34 50 60 118 124 132
13 19 22 24 25 36 57 61 63 66 122 133 145
26 44 60 80 144 149
17 33 48 65 83 89 97 99 133 148
15 66 86 125 136 141
2 11 14 31 48 60 93 101 103 114 130
37 40 50 84 88 105 110 124 142
3 35 49 54 112 119 121 147
27 38 41 45 50 58 61 89 90 100 103 105
3 13 21 25 34 59 66 71 122 124 131 141
50 57 76 104 116 129 132 139 141
10 11 38 39 52 70 76 98 114 126 133
10 18 52 57 58 81 82 96 106 108 129 135
42 53 66 69 121 129 144
15 29 38 40 105 114 147
9 21 25 26 31 39 81 86 87 101 109 111 140
21 30 37 56 94 95 115 116
17 24 32 76 82 94 103
18 20 103 110 114 134 142
11 21 54 56 63 70 75 100 114 115 116
43 80 90 108 127 132 146
31 44 53 61 70 71 72 77 80 149
35 51 63 65 85 100 104 128 136 140
16 30 35 38 58 60 82 104 116
1 20 36 40 59 62 78 85 107 112
9 28 112 128 130 133 144
1 3 25 28 31 69 73 77 104 111 149
23 37 66 87 110 134
1 8 12 32 33 35 53 82 113 117 118 122 133
23 71 87 123 131 148
4 6 10 71 93 99 110 137 145
62 85 89 112 124 137
35 41 43 60 106 126
9 19 36 82 84 103 108 120 146
10 20 29 38 40 44 79 83 89 90 107 108 139
19 41 46 47 52 90 94 96 107 110
14 26 59 60 71 75 81 84 103 118 146
1 38 46 65 76 82 117 144
22 28 31 47 49 96 122 139 148
22 28 35 38 60 74 76 92 103 106 113 133
19 36 41 53 83 99 101 115 138 140
5 18 35 53 70 73 101 121 138 148
35 41 57 92 128 136 139
12 19 24 31 44 55 69 80 116
11 43 75 125 129 141
8 15 19 22 59 99 132 135 137 144
7 19 58 79 94 119 121 136
15 28 36 40 64 75 84 104 107 115 116 137 138
25 26 48 50 71 73 75 86 89 94 96 132
7 17 38 71 99 101
8 45 66 73 81 130 139 146 148
0 30 37 56 62 63 96 111 116 122 135
16 18 48 64 81 129
10 27 44 80 82 134
3 10 55 57 80 85 93 99 104 128 136
25 27 33 39 45 88 91 93 105 107 121 148
7 50 55 64 93 124 137 143
6 14 22 37 47 56 68 86 101 103 122 134 144
47 52 59 64 72 83 115 132 138 140
20 93 95 106 116 132 135 146
3 6 23 31 58 95 110
24 42 69 70 89 104 110 112 117 131 149
5 6 50 79 132 134
15 27 32 39 47 101 102 110 114 116 148
8 22 30 35 43 74 78 82 142
5 17 31 47 111 126 142 148
7 14 62 65 78 80 116 118 133 140
2 29 33 60 84 92 124 128
26 27 38 45 50 57 58 59 86 95 118 129
1 9 22 63 72 75 78 82 84 104 113 127
17 21 38 47 74 76 81 131 132 139 148 149
14 16 31 38 39 40 42 50 53 56 57 90 104
8 17 38 63 68 76 77 81 95 99 100 116
14 38 44 59 61 86 89 104
5 7 25 30 99 107 123
14 23 38 71 110 118 122 123 136 148
7 15 59 60 107 136 139
3 15 18 33 44 50 93 99 101 102 105 136 146
3 8 36 61 62 82 83 110
30 33 38 41 53 77 101 113 114 130 135
11 12 20 30 32 48 58 98 114 116 130 135
6 21 36 39 49 72 81 117 119 144 146 148
16 26 59 81 123 132
13 16 19 20 35 37 45 55 71 80 83 87 114
7 8 13 27 29 61 77 101 105 108 113 117
13 39 49 68 84 110 125 128 145
4 11 12 22 26 137 143 144
20 62 65 83 93 98 103 106 121 135
1 13 32 35 138 141
12 15 36 47 54 70 75 78 101 111 134
23 26 35 70 79 96 114
4 6 9 10 13 17 103 132 149
5 13 31 40 42 52 53 120 127 130 136 147
0 26 27 41 59 85 111 120
7 20 27 29 32 38 110 111 115
9 21 24 28 52 67 71 103 109 122
0 19 20 35 42 65 68 95 113 115 121 140 148
16 20 25 27 33 57 70 117 141
17 27 33 135 139 143
3 4 11 20 23 65 90 123 124 145
1 55 57 58 59 68 76 81 84 90 97 102
11 22 31 51 78 96 112 132 133
14 31 32 46 58 70 75 76 77 83 90
0 14 48 76 93 144
13 44 48 53 60 68 89 95 109 110 127
16 17 19 47 50 72 74 79 93 98 107 121 132
5 29 34 47 55 70 71 82 104 128 138
3 19 20 26 30 87 94 120 124 129 133 138
13 60 73 76 97 101
5 23 33 36 38 69 70 92 118 119 124 132 143
6 79 86 129 130 134
1 54 58 71 102 121 132 142
78 79 104 105 123 127 143
0 26 29 55 77 88 91 93 102 107 114 140 144
0 21 31 104 118 129 142
31 51 62 94 107 114 140
15 24 40 53 61 66 113 118 120 148
5 28 61 77 98 101
12 18 53 84 127 149
8 24 26 49 54 55 56 58 71 87 92 107 127
13 15 26 30 38 79 83 96 103 114 121 132 133
2 29 30 65 77 81 83 89 91 108 138 145 147
6 14 21 23 34 38 71 72 83 85 97 103
28 72 99 110 119 123
14 56 59 85 112 118 122 133
21 51 92 114 121 127 128
1 24 39 79 91 119 126 128 139
34 36 50 76 77 117 118 124 127 132
27 36 42 55 67 78 85 111 126 143
4 15 36 61 63 74 113 129
3 33 34 40 52 65 98 116 149
25 62 74 79 91 109
29 55 81 94 110 143
4 5 58 78 79 101 122 133 141 147
29 46 47 50 56 61 63 64 75 111 131 141
38 39 41 42 69 71 72 84 95 101 123 134
5 43 75 84 85 105 112 115 118 123 139 145 146
22 73 80 90 102 113 124 126
13 23 39 80 84 87 92 93 109 110 123 129
19 44 46 59 70 97 105
1 2 14 45 54 65 68 97 108 114 117 120 146
9 14 22 35 46 71 81 103 116
1 2 15 30 65 74 122 123 126 146
3 32 50 73 75 88 95 110 113 131
14 23 28 49 56 63
29 56 57 61 65 115
3 15 23 24 28 31 33 36 38 93 107 132 138
5 8 54 76 77 80 145
9 10 18 36 59 71 79 120 139 149
21 52 65 66 82 87 91 103 127 149
3 4 15 36 40 56 63 77 81 120 135 143 144
18 25 29 33 50 55 66 81 83 122 134 148
23 30 47 67 82 106 111 117
48 49 52 60 76 88 106 148
4 15 17 19 25 31 101 107 121 125 130 138 141
25 36 45 52 61 65 67 68 86 104 115 116 131
12 34 38 57 63 77 86 121 129 137 148
0 15 19 25 33 36 43 46 54 83 118 126 141
12 15 42 93 106 143
0 15 20 49 91 98 126 131 145 147
4 48 60 76 87 96 99 103 149
5 48 49 56 57 58 73 90 101 105 118 127 128
5 6 11 27 60 74 99 101 105 118 138 145
8 20 29 30 37 46 66 74 102 121
7 29 32 48 59 63 92
9 18 34 44 64 86 95 97 118 128 136 149
27 32 43 64 65 69 70 77 80 119 127 138
2 10 24 29 36 65 68 70 78 102 111 124 147
3 16 30 66 86 91 99 105 111 144
50 64 77 111 128 144 148 149
7 62 79 105 115 132 137 143 144
3 27 41 45 54 79 109 111 113 145
8 15 18 20 35 72 82 95 110 122 130
35 86 99 111 132 137 141
16 40 45 69 71 76 90 95 98 120 125 136
5 16 35 50 72 85 97 118 127
11 16 34 59 62 77 83
0 6 57 79 90 111
25 63 78 96 108 110 126
22 45 55 62 90 97 102 112 125 131 137
3 9 15 24 31 59 100 110 115 117 140 148
5 28 31 35 37 79 88 95 112 144 147
14 29 43 96 98 112 126 144 146
36 38 40 60 77 86 97 100 113 131
9 19 32 57 68 74 76 88 91 129 130
44 47 59 67 87 91 104 106 107 118 121 122 123
13 34 43 50 57 66 76 85 130 131 133
11 21 44 50 83 105
6 15 36 127 129 133
28 48 67 92 98 126
4 19 20 21 44 56 62 87 90 110 119 129
6 21 26 36 42 105 114 116 131
2 12 19 29 47 87 105
9 33 44 60 67 69 75 76 110 121 134 143 146
5 7 10 21 25 30 33 42 55 95 108 112 146
17 21 22 32 33 51 58 73 79 117 140 148
3 7 8 12 32 48 68 72 89 103 109 125 134
15 32 57 88 105 111 123 126 129 142 144
23 25 46 66 68 79 120
0 19 20 31 49 54 67 76 77 81 105 128
28 34 43 56 75 90 92 130 131 133
1 19 26 46 58 73 74 81 102 109
1 34 46 50 78 90 105 116 123 140 145 146
17 24 46 49 60 62 85 98 106 109 114 121 133
32 34 41 42 100 101 107 122 125 126
1 16 42 60 83 86
18 37 41 58 70 85 89 106 116 118 121 133 148
27 60 68 106 118 136
17 21 32 47 56 64 66 110 124 125 127 137 148
13 28 40 102 112 142
28 30 35 52 64 81 110 114 120 122 132 139
0 32 64 71 74 75 82 100 102 110 122 139 144
13 19 21 45 65 76 77 103 114 135 149
1 27 34 37 40 48 78 87 101 117 127 134 145
5 7 27 70 78 79 120
37 69 86 118 123 132 145
28 41 56 72 74 134
6 7 19 25 43 58 110 113 117 124 132
12 22 24 29 50 54 79 82 88 115 132
21 54 75 86 90 94 102 104 114 126 142
6 30 34 36 47 57 90 104 138 139
57 84 89 114 115 124
36 43 52 64 88 99 122 124
7 8 13 50 54 57 61 78 80 126
14 48 57 59 65 74 105 112 129
3 26 64 71 78 102 122 145
7 12 17 90 102 106
11 19 35 79 81 101 105 108 110 133 134 146
0 4 13 20 54 63 81 101 102 103 109
57 63 68 77 82 95 129
28 37 57 68 91 110
5 8 18 66 78 82 84 92 110 119 148
18 31 38 40 72 74 75 99 120 127 149
7 8 33 34 63 76 80 83 100 132 137
26 43 61 65 74 79 104 105 123 128 135 136
24 29 60 95 97 100 134 142
35 52 88 91 97 105 109 113 124
24 41 54 58 69 83 84 94 101 114
2 33 36 69 72 80 86 96 129 139
10 12 34 39 42 66 79 80 97 98 125 147
16 52 69 88 96 109 113 116 118 135
3 19 22 38 42 54 63 66 99 106 125 141
32 35 62 73 93 109 111 114 117 124 126 138 144
5 30 32 33 54 63 67 89 102
1 8 49 65 93 107 138 147
1 5 6 24 41 43 70 86 91 99 140 141
6 35 53 66 82 114
13 33 46 64 79 88 95 114 116 137 139
4 5 9 23 35 62 67 76 107 121 138 140 148
38 50 63 113 115 118 129 145
12 14 32 56 59 64 65 92 95 133 140 145
9 10 38 44 87 95 103 106 138
4 21 27 68 97 108 134 143
2 13 28 32 88 98 138
41 42 52 69 81 101 121 131 137
2 15 26 33 35 39 60 82 86 100 118 145
2 14 24 42 54 66 79 85 86 92 123 148
15 24 30 36 51 62 63 87 102 123 124 132
10 25 49 55 75 123 138 146
37 40 49 56 61 89 140
2 38 51 52 53 60 63 71 134
28 63 68 87 109 110 114 127
7 34 37 46 69 79 83 85 94 109 123 144 148
63 80 103 128 130 134
6 14 48 59 68 70 71 78 81 92 111 123 126
1 28 41 105 123 133 135 138
8 24 37 43 51 60 64 76 78 88 93 117 122
53 57 93 97 110 137
18 24 31 35 36 45 46 66 68 91 93 104 119
0 29 74 77 98 100 113 117 143
17 21 50 53 62 76 143
40 47 53 55 59 73 95 105 121 133 135
4 9 28 46 61 63 75 82 84 112 123 128 145
0 7 14 25 105 107 118 125 129 148
59 62 69 72 77 80 83 96 113 134
9 23 28 34 37 48 81 98 100 101 118
1 5 20 42 70 72 79 84 104 112
4 13 23 28 41 82 86 94 95 97 103 125
11 32 87 99 129 130 143
2 32 37 63 74 87 134
20 62 90 102 111 134
9 53 54 75 98 105 112 117 118 135 142
10 34 47 56 59 87 108 111 124 128
3 5 10 12 14 31 37 46 49 60 75 97 113
3 11 14 30 36 101 111 116 119 121 124
17 27 30 52 84 103 113 118 119 123 134 142
32 47 51 78 80 116 117
2 8 33 55 67 68 92 100 113 122 131 141
28 34 68 75 82 118
40 59 73 88 103 135 142 143
16 28 60 63 77 83 121
9 31 49 70 85 107 108 122
4 32 40 77 100 105 109 122
16 21 53 72 80 90 94 103 129
20 50 52 54 72 81 82 88 93 140
2 9 11 22 37 89 93 103 106 111 121 136
9 14 16 63 66 78 98 106 134 138
34 48 54 107 136 148
16 33 44 53 72 80 108 123 134 140
33 37 72 90 91 92 133 139
10 26 74 80 102 144
8 10 11 13 29 56 87 122 123
10 25 27 33 52 53 60 78 81 101
14 33 59 61 66 72 94 116 123 144
37 45 66 72 94 118
22 24 55 56 68 80 90 115 132 146
21 23 30 36 55 70 74 77 93 98 136 145
1 14 31 73 74 110 112 132
16 21 48 79 88 93 98
6 23 49 55 77 82 85 110 113 122 140
4 33 65 77 108 124 125 141 148
34 37 79 90 92 94 108 131 144
39 65 104 114 118 120 122 141
13 44 56 130 138 147
12 43 91 109 112 113
4 13 23 37 49 62 73 74 87 119 127 144 147
29 70 72 82 102 135 139
12 51 52 74 78 94 133 136
56 62 89 98 109 116
10 17 20 40 52 56 84 138
17 78 87 113 114 126 146 147
9 24 28 40 41 54 58 72 87 113 121 146
1 24 25 50 59 70 76 100 103 112 142
0 26 48 64 71 77 93 106 107 117 127
3 16 18 32 34 41 83 136
36 41 70 80 86 148
21 22 41 43 87 99 114
55 58 65 76 133 149
27 41 55 64 71 78 111 115 116 117 119 134 149
9 24 30 32 54 66 79 120 127 137
3 7 21 25 31 63 79 84 103 127 131 145 149
10 16 30 44 49 54 77 80 88 94 128 129 133
7 8 9 34 45 62 70 90 96 99 100 123 127
26 33 36 68 111 124 132
15 33 43 59 80 113 125
5 33 62 64 70 71 74 81 102 114 125 126 147
10 33 38 41 67 78 80 85 96 101 120 125 139
28 29 34 50 57 64 68 88 103 104 119 130 138
13 40 45 60 65 78 88 96 123 130 143
0 72 75 97 128 143
8 31 56 77 78 97 126 145
48 59 91 101 117 143 147
14 38 56 61 80 92 96 107 119 130
23 33 38 69 80 139
29 38 42 77 89 139
0 12 37 47 77 91 117 147
60 63 72 92 113 132 140 146
14 22 43 58 108 139
23 28 44 46 64 68 74 115 116 123 137 139 143
9 10 27 46 59 75 82
1 4 39 44 58 102 103 107 112
9 10 23 33 97 102 126
5 40 43 49 99 104
17 40 43 54 56 57 61 100 108 116 120 127 149
16 27 46 48 51 65 93 98
15 17 22 32 34 56 59 95 145 146
7 22 56 61 69 88 115 131 138 146
8 19 22 49 60 67 80 96 105 112 127 145
12 19 24 39 50 103 121 141 142
6 53 73 81 87 94
44 58 70 72 81 93 103 104 108 115 129
0 22 44 58 61 83 111 119 121
11 15 47 65 66 84 122 131
25 44 52 62 68 75 85 104 108 118
16 50 52 53 71 86 108 113 128 130 145
22 67 84 92 93 104 122 128
4 55 63 78 101 125 148
1 6 106 117 139 145
46 52 53 60 66 98 108 125
8 53 68 92 106 120
35 52 57 105 123 129 146
0 1 10 18 40 50 85 103 120 135 147
29 30 87 96 102 105
58 60 69 74 76 78
5 8 12 14 19 40 49 53 93 103 110 130 144
10 18 43 51 62 68 72 77 85 97 130
4 5 12 13 24 35 64 80 81 93 112 137
13 18 41 52 65 72 88 117 122 138 145 147
34 56 58 65 67 69 79 102 118 127 129 142 148
1 15 41 46 74 93 134 135 138
3 18 26 31 103 104
18 50 61 64 89 99 102 109 127 130 144 147
5 7 13 26 28 40 49 91 117 120 130
10 24 26 68 75 76 113 127 133 143
24 34 54 67 77 98 101 111 116 118 119 128
9 18 32 41 46 59 98 106 115 118 123 129 145
3 42 48 59 60 69 75 97 116 131 137 138 148
5 12 31 48 57 137
6 61 63 72 74 79 117 118 134
0 40 53 85 89 103 124
2 17 21 26 40 68 94 110 127 130 145
7 14 19 43 49 51 66 67 82 111
26 57 68 96 111 114 143
45 49 57 64 73 109 148
11 30 32 60 70 145
0 10 12 21 47 48 56 66 72 98 100 119
15 29 34 45 63 77 85 120 126
1 16 21 29 40 64 120 121 136
11 12 28 52 53 94 106 132 138 145
16 26 61 70 92 94 110 113 123 127 142
40 74 76 125 126 145
9 13 53 67 71 79 97 101 102 108 122
6 10 12 24 34 46 53 64 76 94
10 14 49 63 93 128
24 37 41 51 89 102 106 110 134 136 140 148
22 26 54 72 78 87 98 102 122 131 144
5 11 30 41 50 56 64 79 80 81 83 113 116
2 3 6 20 21 55 56 58 60 76 117 120
33 35 57 69 71 73 86 116 122 125 138 142 149
21 25 40 58 70 81 83 87 116 119 123
8 29 43 51 118 127
20 28 36 52 72 73 86 104 109 114 127 134 139
9 28 40 64 90 101 102 124
31 71 74 91 94 107 129
9 22 39 41 46 48 69 76 90 138 139 147
6 7 20 29 47 76 89 128 137
1 42 43 48 72 141 142
2 6 9 16 22 39 51 64 81 101
2 36 67 135 144 149
2 11 46 66 138 143
23 26 35 40 58 82 85 101 107 144
11 47 49 76 77 108 112 115 117 138 149
60 63 84 89 101 141
0 26 35 58 86 87 103 121 135
3 15 26 50 61 85 123 125 131 139 142 144
2 31 36 45 47 62 70 115 141
6 26 69 91 92 116 130 139 140 142 145
3 4 29 37 48 53 62 70 72 86 126
31 32 47 71 81 112 132 146
0 1 2 51 74 107
0 46 53 68 72 86 92 123
19 23 35 78 93 146 148
27 33 34 76 112 127 144
1 5 8 27 69 75 93 94 98 129
9 58 62 68 75 85 86 100 103 144
33 42 52 64 76 81 105 117 121 124 132 149
4 5 18 32 36 50 64 79 96 103 115 148
29 30 47 56 78 113 121
28 33 51 57 58 69 73 85 89 96 110 120 143
4 6 30 37 51 100 113 122 126 134 138
3 9 16 45 58 78 91 95 98 126 137
42 44 58 87 91 104 115 137
7 19 40 87 103 105 111 122 134
0 2 14 56 75 77 94 131 147
11 28 32 56 61 93 101 124 133 135 146 147
29 64 67 77 82 104 115 133 136
24 32 42 79 83 94 107 109 139
4 13 31 35 44 48 49 76 82 133 136
2 30 31 34 52 64 73 91 96 103 108 117 142
7 41 45 53 56 96 104 143
7 12 18 64 67 110 112 122 134 139 141
15 24 32 36 44 68 70 74 89 113 125 134
11 49 52 64 84 87 100 119 136 138 145 147
51 76 80 84 88 93 119 132 138
2 10 33 37 57 77 82 89 146 149
4 5 33 35 39 40 55 59 71 74 104 117 123
24 44 55 86 96 139
6 8 15 23 25 27 49 63 74 103 135 142
8 28 38 55 66 69 77 88 96
1 2 8 28 50 64 85 97 103
28 32 39 62 66 79 103 106 111 112 116 126
17 27 66 67 73 77 123 126
24 31 55 86 97 138
25 47 57 60 74 90 91 103 105 122 131 143
6 22 27 38 48 55 71 72 74 100 115 149
3 17 22 29 47 49 57 95 114 121
63 97 99 120 124 147
1 58 78 86 101 106 128 131
17 20 75 87 94 137
8 16 57 64 80 83 89 102 106 107 125 129 130
2 10 28 63 73 75 120 142
1 4 40 51 61 71
11 12 53 55 63 127
3 36 44 57 59 79 101 104 109 111 136 145
27 36 42 58 70 110 118 125 133
44 46 49 83 97 98 99 108 116 118 125 129
0 21 39 40 42 70 82 84 97 108 131 146 147
2 26 53 60 88 93 95 101 108 116 130 134 139
14 26 39 80 86 123 142 144
32 69 70 74 84 97 110 111 130 134
1 47 65 109 112 125
24 33 38 56 131 134 147
8 48 74 77 121 138
1 41 62 88 103 110
11 24 36 39 133 142
1 12 25 27 36 44 61 127 128
11 36 47 53 66 69 82 96 100 137 142 144
25 31 53 58 63 80 82 109 114 143
12 71 73 77 102 125 135 137
8 11 23 24 40 56 75 146
29 32 38 41 53 57 99 104 110 115 138 141
33 75 83 91 98 114 117 125 127 145
14 43 56 76 112 116 124 131 143
2 10 14 15 28 30 55 71 72 77 92
6 25 37 43 60 71 85 89 105 128
5 12 16 26 75 91 92 100 111
15 19 26 78 83 91 104 123 145
12 21 41 42 75 84 130 138
7 9 10 38 58 68 95 108 112 124 130 136
4 17 22 60 89 120
6 22 35 37 83 93 133 135
10 18 21 43 58 72 88 89 98 100 105 108 139
3 22 26 43 59 64 86 91 125 144 148
13 19 33 38 47 102 128 134
11 40 45 92 112 127 134 149
15 42 47 56 66 72 74
9 15 38 45 89 117 118 147
11 26 31 70 74 81 83 121 135 149
3 11 21 36 45 53 61 95 125
51 52 67 75 80 83 139 149
2 5 62 86 99 115
9 70 90 128 130 142
3 45 50 77 87 112 131 141
0 4 7 11 13 23 46 55 57 73 87 106 128
3 5 9 71 91 125
2 13 16 27 51 52 61 74 79 107 116
66 68 95 120 124 140 142
17 38 73 94 95 110 141
4 18 40 49 56 68 135
19 26 49 75 99 104 108 122 144 146
2 10 27 46 79 134
11 18 23 71 86 110 112
0 32 65 67 73 83 94 110 117
11 41 48 66 80 97 129 138
6 10 34 45 87 96 111 119
13 62 72 84 124 126
37 82 88 96 99 111
21 115 125 126 138 142
15 40 47 51 65 66 94 113 142
9 23 29 33 38 59 104 114
18 33 37 38 75 96 97 98 121 124 130
4 13 14 39 76 82 85 89 108 135 137
16 38 48 53 67 76 105 111 137
22 28 40 48 63 95 108 131
9 22 46 51 55 65 77 86 93 97 106 124 143
23 27 43 46 78 84 90 95 104 120
12 23 31 34 35 39 57 87 98 106 110 114 122
11 45 49 57 84 85 91 95 108 123 129
1 4 48 55 66 69 94 147 148
24 25 32 62 63 84 114 122
25 30 39 49 50 73 80 98 108 115 120 124 149
1 2 13 22 115 134 135 137
4 17 37 59 75 98 122 124 141
96 115 117 127 129 130 135 136 141 143
5 44 48 52 71 75 77 97 144
11 21 52 74 85 104 113 130 132 142
13 14 38 49 62 75 79 88 90 110
27 43 52 64 78 102 105 110 123 135
14 17 65 68 72 76 87 89 119 129 147
11 17 86 88 96 99 110 122
20 30 33 55 79 86 94 95 116 118 119 130
28 43 45 61 104 108 137
12 23 44 76 77 89 105
2 17 54 60 69 89 138
3 7 31 35 41 70 79 86 112 141
9 25 29 32 46 52 82 94 139 142 144
0 13 17 21 33 34 45 77 88 89 99 143
17 22 27 34 51 76 78 115 123 127 130
7 59 70 74 78 118 131 139
4 82 90 98 114 136
14 22 40 71 82 94 120 139 149
16 22 28 45 70 81 105 119 128 140
5 7 24 36 39 41 64 65 105 123 126 139
37 77 79 102 122 128 130
20 24 68 80 85 86 97 107 117 125 131 148
22 30 38 41 62 104 107 114 136
5 22 26 35 41 42 80 92 96 106 116 121 122
0 4 30 35 36 55 69 98 101 111 128 137
22 29 79 86 95 107 131
21 25 36 43 81 97 121 124 142
21 34 73 82 105 113 126 146
6 25 57 70 94 104 127 140
3 14 21 32 42 62 76 102 114 133 134 148
14 63 83 105 112 113 133
9 29 45 60 70 71 80 100 121 128 135
18 30 49 55 128 129 131
7 18 37 60 61 77 78 103 116 118 126 142
30 31 49 51 64 76 85 89 96 129 134 136 143
7 25 32 33 71 74 85 100 113
13 20 47 52 63 108 117 122 130 131 133 136 138
7 27 49 57 69 91 103 123 125 126 144 148
3 102 110 112 113 114 118 135
15 48 49 81 88 123 130 143 147
4 36 39 47 62 91 107 123 125
16 19 27 33 35 55 68 82 89 94 102 104 120
0 7 8 85 93 104 142
14 16 28 52 60 62 67 73 74 104 105 113 129
12 27 76 77 92 117 147
34 38 41 53 62 81 99 106
0 25 48 51 53 62 106 122
2 3 15 37 39 80 118 130
8 12 21 55 60 63 107 132 134 148
19 28 60 105 131 139 146
9 20 38 57 72 81 117 125 133 143 146 147
1 2 48 53 55 63 95 109 138
2 3 8 21 80 113 115 116 136 140
9 14 31 57 60 74 86 112 142 144
57 59 77 79 85 104 108 128 129 133 135
2 10 13 20 30 39 47 64 118 137 139 142
6 61 67 96 110 141
8 20 31 41 75 78 79 89 138
2 54 59 63 66 77 109 110 123 136 143
8 21 24 34 66 78 94 96 102 126
2 28 44 57 61 65 79 119 139 142
7 20 27 58 61 69 73 78 82 95 98 102 103
1 75 77 103 118 141
56 73 87 91 103 110 121
16 41 48 62 63 110
2 27 30 52 87 113 117 125 132 136
7 39 76 103 119 148 149
36 52 70 81 86 110 126
2 13 78 92 96 114 129
3 13 80 99 110 120 123 139
5 31 36 51 59 97 135
72 78 103 110 113 127 148
0 18 22 29 71 117 136
10 31 32 33 95 124 143
6 10 20 49 55 92 114 128 133
22 48 67 70 71 98 100 104 119 134 147
28 65 67 104 111 118 133 136
0 9 11 43 45 46 61 67 68 88 119 131
3 15 19 40 89 138
27 35 40 60 63 65 85 86 87 106 118 141 145
0 14 17 32 37 41 43 48 50 60 92 102
12 29 35 60 86 95 106 113 124 145
8 11 29 42 48 59 75 99 140 146
1 11 15 26 31 72 75 79 96 110
7 10 36 40 51 70 72 106
8 21 46 51 55 65 66 68 83 99 112 139
2 14 26 75 104 122 125 148
12 49 62 65 75 92 124 128 147
32 34 40 53 62 68 75 84 98 99 111 116 120
10 16 25 37 52 54 67 91 111 116 129 130 132
11 28 44 54 67 93 95 98 118 137
24 35 69 86 90 108 141
15 21 36 56 82 89 115 132 139
7 24 48 49 73 100 128 134
24 25 38 51 56 61 71 72 76 100 113
17 33 39 65 69 130 140
12 17 23 35 47 48 56 63 76 97 112 127 138
15 39 80 115 121 133 143
8 28 44 48 55 61 124 127 132 147
26 62 75 103 133 138
14 22 33 49 65 74 76 95 103 108 111 112 126
4 13 18 20 32 80 85 104
58 63 64 72 97 123 131 139
21 22 32 72 132 143
10 63 77 81 86 102 105 119 130 137
2 34 36 41 93 108 113 128 143
15 17 29 47 49 50 56 60 128 130
0 37 46 71 79 84 92 106 127 134 146 147 149
18 32 54 62 69 105 106 107 124 136 139
7 17 18 28 29 45 52 67 71 98 104 107 112
1 35 61 63 85 86 105 112 119 120 127
11 49 62 63 100 112
3 40 47 50 51 97 126 137
32 54 62 99 100 108
11 23 67 72 78 117
20 51 57 62 63 81 83 142
6 7 15 22 36 40 67 73 84 119
20 25 37 58 67 79 98
27 39 41 52 84 109 121 124 140
18 30 39 46 62 67 83 108 120 131
5 43 76 81 93 96 144 147
2 19 23 32 68 81 92 94 96 112 113 117 122
14 30 75 80 95 135 142
74 86 95 101 107 139
5 29 40 56 65 75 78 86 93 96 109
23 27 35 72 73 82 91 95 109 110 144 146 147
13 75 82 97 112 119 123 128 130 133 134 144
10 22 25 66 94 114 130 135
14 36 45 64 80 129 143 145
11 15 16 35 58 63 85 88 94 106 123 126 135
9 10 54 63 84 89 122 129 137
16 33 64 89 90 106 127 142
25 33 40 53 61 80
16 70 79 88 120 122 123
2 3 10 17 45 72 76 84 98 110 114
0 11 15 17 25 32 64 86 125
31 35 43 47 79 89 94 95 106 146
37 43 58 61 67 69 77 107 109 110 142 145
4 20 27 35 39 85 87 96 105 106 126 141
6 18 23 76 78 97 114 146 147
18 46 47 51 56 62 63 79 108 118 119 128 145
9 24 45 47 80 87 94 112 125
10 14 28 44 86 87 113 137
7 18 25 29 30 87 92 94 138
5 7 17 24 35 44 55 83 95 123 130 146
1 4 60 108 114 135
53 62 88 115 123 149
23 46 66 92 97 116 143 149
15 60 64 107 118 126 134 138
36 68 78 80 126 141 145
18 19 50 57 81 91 94 129 131 135 141
5 19 56 73 80 117 125 141
22 40 52 61 80 87 100 115 118
3 6 62 66 67 85 88
37 41 53 54 61 69 99 105 116 121 126 149
3 25 58 63 102 147
11 25 36 53 55 56 77 78 86 88 109 121 140
8 14 21 28 35 42 61 73 90 98 102 106 145
10 11 55 79 87 114
8 23 27 47 57 72 94 127 134
3 15 22 38 49 68 72 88 90 94 114 128 149
48 50 74 92 100 117 139
5 20 29 67 85 91 119 120 124
7 35 36 61 72 91
38 49 55 60 72 90 115 121 129 132 136 139
3 27 40 41 68 81 101 140
4 5 8 16 18 19 22 23 65 72 91 131 148
59 70 88 94 96 124 127 131
10 40 69 85 87 97 104 136 147
5 10 12 27 34 37 82 128
11 13 56 74 96 107 122 131 132
3 51 57 88 96 109 112
5 36 41 55 63 78 106 117 128 140 147
0 2 30 35 84 131 148
10 16 38 58 76 85 117 120 127 138 141
7 14 29 30 47 48 50 63 89 130 146
26 40 41 61 67 75 93 96 123 129 137
6 7 12 16 106 127
1 8 12 19 24 37 45 46 87
0 6 15 26 41 111 112 113 137 138 141 144 146
5 6 7 10 17 25 62 64 69 78 99 108 121
4 31 37 50 64 67 113 135 140
9 14 31 36 59 79 85 112 115 138
1 3 5 13 36 78 82 85 95 117 120
26 44 64 70 83 90 92 95 103 118 127
4 47 68 95 126 129
35 43 44 51 75 84 92 100 102 109 110 118 126
1 32 48 50 90 95 122 143 146
51 66 89 90 104 116 117 130
6 7 14 63 66 94 103 115 133 143
10 29 33 38 51 128 145
13 48 52 56 66 75 82 94 97 104 109 149
10 34 48 54 57 67 74 81 85 93 97
10 28 48 56 63 66 78 94 115 126 137
13 18 58 71 104 106 108 131
27 65 75 81 85 102 111 118 143
5 27 33 44 56 67 78 87 101 110 118 138
31 43 49 52 78 79 108 121 128 143 144
21 23 26 43 63 65 92 114 126
3 45 55 83 84 100 104 136 137
6 7 12 57 59 98 110 140 141
3 25 43 45 48 60 69 88 90 117
29 30 38 54 85 89 107 120 122 131 139 141
44 50 56 58 78 79 82 86 91 103 120 126 139
19 22 35 43 84 104 109 127 130 131
9 21 42 46 58 77 105 140
43 57 61 71 117 119 130 132 145
7 14 43 50 120 130
23 37 40 42 43 61 80 105 114 116 139 142
33 67 70 77 107 112 115
4 11 14 50 61 113 120 131
12 14 28 49 65 66 67 78 98 131 133
8 18 23 32 35 57 58 62 112
10 44 59 80 89 105 120 131 134 148
6 26 68 73 84 136 145 146
5 16 46 54 63 86 101 104 106 130 136 137
3 9 54 58 76 117
0 17 40 50 54 69 75 78 79 88 103
38 40 53 55 67 69 83 85 105 112 125 144
7 17 46 48 64 73 77 90 131 135 146
0 34 48 64 66 86 121
16 46 47 83 89 94 110 116 129 136 147
20 28 39 40 43 46 73 106 107 120 149
1 13 23 27 47 54 110 146
12 23 28 55 98 105 110 113 123 141
14 15 38 72 90 108 117 128 139
23 57 100 107 120 127
1 7 11 18 19 26 28 48 50 65 91 94
8 50 64 86 91 92 95 135 141 149
6 36 75 92 115 122 149
2 75 89 105 128 137 139 140 143 149
15 35 48 70 84 109 113 115 144 146
7 49 66 68 89 99 108 123 127
11 56 68 71 75 77 106 110 118
1 17 18 29 47 74 80 87 98 126 128 140 142
6 26 34 53 75 100 104 120 127 129 130 133
29 31 32 45 58 70 72 88 93 102 114 120
20 27 33 38 47 58 74 76 99 100 104 118 135
8 16 23 31 34 80 81 90 96 111 130 137
2 3 25 41 43 60 98 103 119 133
1 15 27 48 50 76 79 83 127 136 144 148
29 34 41 64 74 83 99 104 111
3 23 37 45 53 80 88 89 99 114 142 148
28 52 53 75 91 111 116
0 5 20 33 49 69
6 15 26 32 52 59 111 119 124 127 135
6 10 17 30 32 37 39 94 131 136 137 142
4 26 40 82 87 91 98 103 130
0 6 9 19 35 40 60 82 104 131
5 8 39 59 97 135 149
18 20 30 39 64 70 138
0 20 24 29 51 78 86 88 90 106 111 141
0 27 55 64 67 77 94 96 121 122 139
3 21 22 29 34 37 66 89 125 132
22 42 46 81 99 108 111
3 16 20 27 42 57 60 70 88 115 125 141 145
23 57 69 81 105 111 131
12 28 82 84 94 120 144 149
4 12 13 17 20 40 47 53 115 134 136
0 13 33 49 75 121 122 130 133 134 147
12 34 40 41 55 56 98 101 108 115 120 122 140
7 26 34 39 70 73 86 92 118 124 132 133 136
22 46 48 72 84 87 92 117 118 120
5 12 37 44 70 76 78 81 87 126 131 133 142
28 35 50 68 83 139 144
12 24 37 38 40 83 105 112 116 122 147 148
45 51 53 60 68 70 81 100 110 118 121 128 139
1 9 26 34 49 52 79 92 118 142 145
4 18 39 56 63 68 84 95 114 135
5 22 28 56 62 83 93 116 130 143
7 23 29 34 46 58 70 72 79 95 104 137 142
1 2 26 34 40 55 57 124 135
42 43 70 86 107 114 127 128 138 147
6 10 15 17 26 59 65 82 87 109 134 136 144
0 6 60 64 79 90 115 125 131 132 138 139
19 22 35 47 53 61 84 94 99 104 108 110
12 78 91 112 117 143
21 33 55 79 104 117 135 142
3 5 23 24 54 68 87 94 103 122 131 134 146
14 15 55 56 85 93 98 103 114 115
13 24 37 54 60 62 69 74 83 86 121 143
3 10 25 48 67 94
13 25 30 52 62 69 77 117 141
0 42 47 57 79 92 124 142
5 16 40 56 74 82 85 112 117 122 130 132 139
1 4 24 47 54 109 112 113 132 137
7 11 25 28 29 44 45 62 76 122 128
27 28 33 59 75 85 139
1 2 12 15 16 68 91 98 125 127 143 148
7 51 79 86 97 98 103 105 110 120
5 35 37 50 59 65 70 74 91 115
7 65 86 89 96 105 137 140
3 5 32 39 53 60 62 102 103 119 120 136 148
32 51 66 100 107 110 122 126 132
25 26 38 48 69 72 79 81 85 147 148
34 35 36 66 78 89 104 113 122 130 138 146
34 42 45 54 64 67 83 86 102
1 38 53 54 82 83 104 125 128 137
7 36 56 60 66 67 80 81 107 119 120 139
0 21 24 49 65 78 95 107 117 119 140
28 59 60 63 69 74 87 91 92 94 102 109 138
47 80 89 131 134 144
4 24 37 41 57 60 80 85 90 108 121 128
11 40 69 84 114 115 129 130 137 140
6 37 43 44 51 61 69 85 91 109 127 132 137
13 22 48 61 73 76 130 131 134 136 140 143 148
12 14 58 85 92 105 146
19 27 37 67 76 90 97 109 133 146
16 45 53 72 93 122
18 19 21 63 65 83 92 110 112 113 125 126
47 66 90 95 116 125 131
10 12 29 37 38 43 47 66 71 102 119 131 140
29 44 50 63 77 87 103 106 116 121 138 144 148
9 16 23 38 51 71 77 81 92 131 136 140
4 23 31 44 45 50 69 78 91 115 127 138 142
37 39 72 102 108 112 113 134 149
24 28 87 97 110 114 121 128
14 26 39 56 61 110 117 126 133 147
27 28 41 54 55 81 83 85 97 109 121 123 142
19 57 59 61 71 114 117 139 142 145
23 25 28 86 92 98 99 111 123 130 135
19 20 28 35 48 89 105 116 117 122 123 134 148
19 44 45 73 77 117 141
5 45 52 59 60 71 90 129 146
13 23 24 43 53 63 79 83 116 127 130 140 142
0 3 5 75 77 81 118 139 144
31 41 60 69 76 89 98 106 116 135 138 148
10 13 29 38 42 53 61 70 75 82 100
25 34 42 62 64 73 75 77 103 107 136 139 141
6 13 38 47 57 69 72 84
7 44 57 65 69 115 147
2 3 5 19 20 29 31 45 86 88 89 92 118
10 12 25 34 58 62 67 109 129 131 145
29 62 77 79 135 144 146 148
17 34 81 85 125 146
14 71 104 107 137 139 140 143
2 17 43 50 51 91 101 128 134 144
8 13 28 55 67 82 100 104 117 120 125
31 60 80 107 122 136
13 37 82 95 109 122 139 144
1 6 16 22 27 34 60 81 86 92 100 104 128
14 22 31 32 44 75 76 79 88 96 104 117 133
20 42 50 58 59 65 69 99 149
7 11 49 52 57 69 75 83 109 115 116 126
12 33 35 46 52 60 61 67 92 139
1 37 49 85 103 110 117 120 125 135
7 39 40 44 66 75 76 102 108 123 126
39 50 52 70 83 94 96 101 124 128 130 138 142
2 27 29 43 48 69 71 119 145
