12 28 32 40 51 70 77 99 115 143 145 146
12 29 47 48 50 52 55 67 72 102 147
24 52 66 78 87 112 114 119 120 123 131 135
23 31 33 35 42 53 63 71 136 141
10 18 20 23 28 33 77 81 84 89
8 26 40 46 49 77 81 92 100 114 138 148
36 70 73 87 108 117 134
7 81 85 94 111 118 121
4 6 23 30 104 136
24 32 71 83 97 101 118 123 138 146
1 14 30 46 80 107 112 118
56 61 101 109 111 127 148
4 14 16 64 70 78 92 106 116
0 12 62 83 100 116 123 124 126 128 147 149
7 8 32 36 51 73 87 91 101 119
27 35 70 73 100 147
8 26 46 60 71 81 89 92 97 104 113 125 129
15 36 67 68 79 87 96 101 103 109 120 125 139
26 32 33 43 61 67 76 94 95 114 130
3 5 9 13 16 22 81 82 87 112 145
5 22 78 120 121 128 134 142
0 5 8 17 49 53 78 80 99 112 118 145
43 89 94 95 110 116 117 140
42 60 62 79 101 119
20 31 63 70 75 99 102 104 105 118
45 51 66 84 91 98 106 118 139 148
29 31 42 44 56 77 78 85 86 111 122 138
1 13 26 59 66 67 81 97 101 125
22 29 46 51 71 76 90 99 101 130 133
10 22 23 28 34 98 103 114 138
9 13 29 46 49 54 55 61 83 106 116 142 145
15 22 33 34 36 53 56 82 106 112 132
10 11 20 23 25 39 65 67 71 130
5 14 15 68 77 82 89 130 139 143 144 145
2 70 99 114 121 136 144 145
23 29 34 48 74 78 103 111 115 134 147
13 25 38 53 79 83 114 122 129 138 147
55 58 99 127 133 141
5 23 39 62 71 74 97 102 104 118 123
17 67 86 91 104 126
22 29 39 42 43 57 81 92 113 123
4 10 25 28 53 82 92 109 126 130 145 146
6 19 35 63 69 71 78 79 90 119 133 149
21 44 48 55 61 66 127 138
19 26 30 33 50 55 80 104 121 125 132
6 29 53 106 126 128 141
32 37 53 56 65 68 96 124 136
25 40 52 60 72 78 115 125
5 31 48 56 61 69 83 96 110 135
0 10 17 49 55 71 73 90 127
37 44 61 99 102 118 128 143
3 9 13 14 16 51 62 78 80 85 87 99
9 12 17 18 26 39 50 68 98 109 117 128 144
17 32 41 65 67 69 76 80 87 95 107 120 135
17 35 74 76 111 118
27 38 44 66 70 75 86 94 115
11 14 15 83 95 110 120 122 123
2 12 16 32 37 42 74 125 145 148
2 9 26 27 53 73 83 91 127
3 29 70 116 123 127 131
0 8 27 33 42 63 84 92 116 132
14 24 49 52 70 79 82 86 114 130 131 142 149
8 13 37 55 59 73 91 102 109 143
45 47 57 88 101 141 142 145
17 19 35 58 65 73 104 146
4 25 27 42 70 71 99 131
1 16 23 44 64 102 103 117 122 148
6 28 40 43 55 59 74 105 140 142 146 148
16 27 32 51 105 132
25 27 55 60 119 132
10 15 37 38 50 76 99 125 137 138 140 147
5 36 55 86 95 101 112 128
0 1 24 29 30 33 37 47 62 66 128 138
1 9 21 23 32 34 39 67 77 97 98 136
35 60 84 121 129 143
4 12 58 59 85 109 124 130 141
6 9 14 95 98 102 106 128 148 149
0 13 43 54 57 62 107 136 145
30 49 63 81 96 104 119 146
11 13 25 44 49 57 70 76 130 141 142 145 149
12 29 47 56 76 98 104 105 117
12 32 53 83 126 136
7 24 27 35 38 76 81 122 132 139 148
55 56 63 68 83 107 109 118 124 128
52 53 58 87 90 93 119 122 128 130
8 51 61 66 77 90 110 112 130 148
25 40 44 50 66 71 100 108 110 116 146
23 27 87 92 105 142
0 14 28 33 56 85 125 127 133
17 28 66 68 91 126 128 131
20 37 40 43 77 80 90 136
47 48 74 88 89 92 93 105 113 131 135 146
11 33 44 45 92 98 108 109 127 129 146
49 60 73 75 123 126 138
4 7 8 21 22 24 27 45 91 92 112 115 121
0 21 26 49 62 75 137
3 29 52 84 97 99 104 106 109 111 123
42 78 86 127 136 140
5 24 25 31 34 58 65 103 116 133 138 145 147
15 21 22 23 25 36 38 65 77 80 111 113 114
6 46 52 71 88 112 125
18 19 30 33 43 51 110 113 119 124 126 137
4 9 10 16 69 84 98 99 102 147
0 2 20 29 49 50 79 95 111 135 137
7 18 81 82 86 133 139 141
15 32 43 79 82 93 99 108 114 118 132 134
6 8 10 27 29 30 41 70 91 95 124 141
0 25 27 36 59 61 69 72 91 119 122 128 136
81 97 105 107 116 141
2 7 13 15 19 20 25 32 63 64 117 124 142
0 29 34 62 80 102 116
1 10 15 47 64 74 79 91 93 108 122 136
9 12 42 62 63 64 80 82 96 120 124
14 26 28 37 48 51 80 122 137
14 51 54 57 74 92 94 110 126 135
19 27 31 32 48 73 77 84 114 116 131 137 146
15 35 47 63 95 116 145
42 54 55 59 74 84 89 109 132 137 143
16 17 40 50 61 84 87 116
0 25 27 92 116 121 130
15 29 36 52 65 75 88
16 18 25 26 38 63 72 74 88 100 112 117 133
20 33 37 55 97 107 120 125 144 149
0 1 18 22 38 60 91 109 114 115 146 147
20 24 34 35 41 45 54 81 112 114 138 144
10 11 18 36 67 100
8 29 38 42 52 74 107 115 117 118 133
2 17 44 46 60 82 97 125 127 138
1 12 36 57 60 64 79 100 116 149
50 63 88 90 115 121 123 134 146
23 26 46 47 82 121
11 14 43 79 101 125 133
27 30 56 62 74 118 138
13 14 30 31 36 39 46 56 85 117 139 141
22 73 104 105 116 143
14 23 29 34 50 83 88 105 118 134
8 37 58 105 106 111 119 146
4 28 40 44 65 87 115 118 132 135 141 144
34 35 46 47 71 75 84 89 108 112 115 146
2 3 39 41 68 95 130 135 141
14 17 19 69 73 79 80 90 126 128 134
13 23 31 49 51 57 73 89 103 117 118 142
15 23 36 46 50 51 60 72 93 101 102 104 147
20 52 60 71 86 88 95 97 108 123 131 133
36 39 42 61 67 74 89 112 127 143 145 148
12 22 33 78 94 96 129 130 132 137
3 22 28 60 64 110 112 146 147
20 23 39 51 101 133 148
15 25 40 47 106 110 113 118 133 138 147
15 23 75 76 101 108 113 119 148
16 52 59 75 97 105 129 137 139
11 43 56 64 94 108 110 111 115 120 130 147
4 8 11 12 18 47 59 74 96
41 50 71 73 76 102 109 119 120 140
11 24 71 77 99 114 115 126 130 143 145
19 42 75 76 87 91 95
13 19 32 35 87 90 96 101 105
10 17 37 42 96 99 109 123 127
23 33 39 51 64 68 106 109 116 117 122 131 134
17 18 43 55 70 71 74 93 103 112 130 136 142
7 22 23 37 58 60 76 96 105 130 145 148
22 39 56 57 87 112
1 8 18 27 28 29 34 47 91 135 149
11 22 24 26 58 63 78 79 115 142
23 25 35 72 91 114 137
5 14 28 35 39 52 89 92 140 144 148
41 88 94 98 99 121 122 131
15 40 58 72 88 89 91 92 101 128 132 149
10 17 54 58 92 125
7 63 64 75 81 85 101 121 142 146
7 13 44 51 82 127 142
28 33 38 39 65 66 123
12 23 29 42 58 83 88 100 113 135 138 142 143
0 16 42 50 56 106 119 135 148
2 5 8 50 62 65 80 87 97 105 122 135
7 20 40 42 46 50 59 86 87 124 128
7 27 28 31 38 47 52 54 135
6 9 53 57 63 73 101 105 112 123
7 10 63 78 87 97
1 20 29 41 44 51 60 61 114 138
4 8 9 14 39 52 66 123
0 54 94 102 122 129 131
9 13 28 64 72 136 148 149
24 32 67 68 80 127 128
13 17 29 45 120 128 144
3 8 13 51 77 92
18 19 36 53 86 88 101 102 113 135
0 49 69 79 143 148
1 17 76 83 85 95 99 100 143
6 44 57 58 62 137 149
12 17 18 21 22 43 46 65 70 113 134 136 140
28 46 53 67 98 104 126 138 141 145
7 12 22 29 36 55 64 81 87 93 110 135 143
17 28 33 36 72 82 105 108 119 147 148 149
9 26 36 42 46 66 73 77 88 101 128 139 148
6 17 44 45 47 66 78 90 91 99 147 148
12 35 76 88 113 117 143 147
14 62 78 103 105 107 114 124 129
12 54 67 68 71 88 111 117
1 7 43 61 70 80 93 135 139
15 56 81 86 103 117 125 149
23 28 29 50 118 144
10 15 23 39 48 50 71
5 46 56 86 93 99 123 131 133
24 39 45 65 75 90 101 131 138 149
12 19 24 27 42 47 70 108 124 125 136
17 20 42 48 57 58 67 72 138 142 146
26 46 49 54 66 104 115 132 145
5 10 37 46 63 75 87
2 6 27 46 52 56 95 100 138 141 148
8 57 73 86 93 94 106 113 114 125 133 142 143
0 30 39 55 61 65 66 97 103 128
51 58 64 118 141 146
17 18 21 74 113 130 132 136 147
17 20 22 36 115 117 148
2 44 88 103 118 121
7 26 43 46 47 63 74 81 141
20 26 29 32 41 53 56 84 87 122
2 4 17 67 87 89 96 112 121
1 4 22 40 48 68 88 106 115
6 9 34 40 103 109 118 129
1 38 66 76 100 126 138
7 34 73 84 100 110 143 145
17 61 65 78 103 106 107 118 120
0 10 48 67 93 110 120 128 138
31 57 78 88 95 102 124 149
1 9 29 33 35 36 67 76 103
2 10 27 33 37 52 71 93 97 113 114 135 141
21 38 50 51 65 69 73 94 100 107 120 132 134
3 9 53 60 70 107 122
6 14 19 28 34 45 76 103 109
29 33 48 71 81 101 111 127
9 29 32 41 44 69 87 129 144
8 10 14 27 28 42 43 44 49 63 84 115 132
0 5 12 30 31 43 105 145
5 13 27 28 74 100 112 122 127 130 144 147
18 50 75 102 104 108 110 112
4 21 59 90 115 116
0 15 16 19 22 47 97 144
10 47 77 100 110 115 126 147
3 34 66 114 134 144
0 32 58 93 101 125 144 149
4 6 13 40 53 62 73 74 86 108
23 25 44 57 100 111 129 143 146
3 5 9 12 43 57 83 94 131 134
6 9 14 25 30 140
15 39 50 82 87 92 99 118 119
2 5 43 49 88 89 90 97 109 112 134 139
8 30 34 60 66 106 141
3 8 14 42 69 83 93 95 111 121 128 133
49 76 86 90 130 136 139
10 15 19 44 46 59 85 95 109 135
65 66 101 109 117 126 138 148
3 10 20 24 26 29 43 75 83 89 106 123
47 50 51 57 59 70 118
9 24 25 86 131 139
12 20 21 36 42 79 112
0 9 24 37 40 47 52 69 84 111 120 136 137
3 10 44 46 54 56 65 98 118
3 12 35 66 87 102 126 129 136
5 29 40 49 50 52 67 71 93 110 114 118
21 26 36 44 46 57 99 141 142
6 20 45 48 49 50 55 82 88 103 119 122 131
4 23 33 40 68 83 95 128
30 71 77 88 93 109 139 141
9 12 27 39 41 47 54 65 69 87 97
51 63 81 83 86 87 94 103 116 124 146
32 47 56 65 70 90 100 110 115 118 144
11 16 29 38 50 51 63 90 98 107 131
3 6 21 22 68 91 119
2 5 17 24 27 31 42 46 98 99 124 137
17 27 48 58 84 103 104 139 142
3 18 22 23 41 63 100 104 109 112 128 134 141
47 84 89 97 102 114 132 133 134 143 149
11 34 50 68 76 123
34 62 98 105 107 128 136
48 53 71 76 79 80 81 92 111 127 145
41 45 82 87 92 123
2 13 18 26 29 32 34 82 124
12 29 36 42 60 71 77 95 135
8 9 10 16 26 72 78 96 97 99 111
90 91 107 113 119 131 145
15 26 79 83 94 103 130 135
35 55 58 112 126 137
8 13 59 73 82 84 104 112 119 128 147
37 40 50 81 121 123
3 33 40 55 61 78 133
70 82 88 98 109 141
0 52 58 63 68 80
11 26 38 39 45 63 72 82 93 95 110 143
9 19 30 31 42 53 66 88 95 119 146
13 27 35 54 62 69 71 75 88 114 140
5 16 19 22 65 92 97 112 113 126
15 16 20 43 78 105 106 119 134 140 149
19 24 38 41 51 128 134 143
26 45 56 90 96 101 104 139
9 71 73 84 101 120 141
14 21 49 74 93 103 105 110 117 130 148
20 21 23 29 61 62 66 79 96 102 104 119 143
29 43 56 63 64 70 92 95 100 110 115 119 129
2 20 29 30 33 53 54 63 76 89 92 114 148
2 42 55 79 83 123 136 137
50 63 65 70 84 87 138
5 10 27 30 60 74 84 91 101 119 129 136 145
16 18 24 45 50 53 58 70 80 87 106 116 121
9 34 55 66 87 104 149
5 23 25 30 63 71 75 76 92 96 101
10 28 63 72 94 114 141
21 25 41 71 73 74 84 93 105 113 129 136
7 22 46 53 69 77 109 132 146
13 20 31 42 46 52 54 113 124
21 29 50 60 66 83 91 95 107 113 115 138
0 18 37 43 58 94 101 115 131 132 139
6 36 55 62 66 77 83 122 127 128 133
24 36 66 120 140 143
4 6 10 30 36 56 59 125 149
28 30 45 70 76 93 122 148
29 35 62 75 80 140 144
2 24 32 36 45 46 72 78 92 117 122 129 130
64 67 76 94 116 136 141
21 24 55 70 114 133
1 3 9 19 35 57 92 108
23 28 34 36 39 66 68 82 85 95 98 108 143
16 28 47 94 110 113 135 141
9 34 62 86 89 92 99 105 114 142
18 22 23 24 27 52 67 123 134 136
4 7 29 48 53 62 74 102 140
37 46 65 67 79 88 102 104 121 128 131 144 148
2 10 24 41 43 66 79 98 107 117 140 145 146
23 24 80 84 114 118 143 145
97 98 100 107 120 124 146
34 36 45 50 52 66 67 71 88
20 21 51 73 90 94 128
0 1 67 86 90 114 129 131
31 41 53 55 111 132
4 7 15 34 35 68 78 84 124
5 15 22 36 42 66 95 99 107 118 123 147
4 30 68 73 93 129 135
14 26 29 56 61 76 96 115 117 119 131 145 146
3 56 61 64 76 124 148
9 19 60 74 108 109
1 6 28 47 52 57 66 69 81 90 103 125
8 19 32 48 64 85 97 122 144 148
10 29 31 52 62 72 82 84 131 135 141
5 18 29 41 56 65 83 85 125 126 139
6 13 22 27 49 67 82 87 103 111 127 138 140
2 22 38 43 51 62 88 109 133 146 149
4 19 56 57 76 81 84 88 94 101 114
7 41 45 56 59 60 74 90 112 118 122 130 138
7 9 28 65 72 86 105 111 116 120
22 46 56 63 84 102 118
5 29 30 32 37 63 78 116 145
23 61 77 97 121 137
23 57 65 77 80 95 105 111 115 123
8 21 42 62 78 83 84 88 96 108 127 129 132
1 7 19 35 38 48 70 88 98 108 122 137
6 12 20 44 88 93 113 118 126 136 138
4 16 28 119 127 130 131
31 37 46 59 61 62 63 89 121 124 147
27 28 30 37 51 64 77 98 105 114 120 124
10 28 67 100 127 137
18 31 39 41 58 106 109 115 143
16 25 32 64 82 88 104 119 135 137
24 30 32 49 56 89 145 149
27 34 35 36 64 67 81 107 112
2 8 33 35 39 86 89 111
1 8 19 26 34 51 65 73 80 117 127 130 146
0 2 32 61 78 112 147
4 5 7 75 102 104 125
18 22 31 38 69 72 88 94 99 100 101 124 144
11 26 38 76 80 86 99 109 131 146
11 51 64 75 77 79 94 112 126 129
23 58 87 89 91 100 114 117 129 136
2 7 50 71 77 119 123 130 133 144
1 11 31 63 72 73 98 106 123 129 145
8 22 45 57 78 96 126 135
1 3 13 21 22 46 60 111 124 140
17 27 30 33 40 46 67 69 96 145
5 16 18 42 46 105 124 135 146
39 56 66 74 79 109
8 28 39 59 72 78 89 118 129 132 138 142
4 51 58 59 73 79 80 89 108 115 118 125
3 7 18 29 33 50 78 98 124 145
8 32 58 64 75 88 108 123 127 140 147
5 19 31 40 81 90 135 136
4 12 25 27 57 64 65 124
0 7 23 37 45 58 77 104 116 129 130 141
10 37 44 55 79 91
7 12 50 52 59 60 68 102 105 130 133
1 12 15 21 35 54 59 62 81 82 87 116 119
40 42 50 96 101 109 114 118 119
9 10 16 19 28 31 38 46 73 81 109 124 128
12 65 78 95 108 146 148 149
23 55 68 77 85 126 128 132
26 44 51 95 121 144
2 18 21 58 85 100 113 122 126 131
38 51 58 83 104 120 129 133 144
4 7 60 65 79 90 122 131
1 2 22 24 44 104 117 137
3 8 19 20 25 53 55 80 93 145
9 42 57 84 89 90 95 141
5 6 26 34 39 42 43 66 89 94 97 126 134
8 13 25 33 44 61 87 96 106 125 130 139
18 24 28 32 52 82 90 93 105 118 148
0 3 7 33 50 51 70 80 84 86 109 130 136
17 64 107 110 130 131
5 34 42 60 86 92 101 112
1 12 42 49 71 81 92 97 102 111
5 13 19 24 31 50 60 87 100 125 143
16 23 70 72 110 114 132
9 41 54 59 64 92 95 101 112
20 36 43 49 56 62 77 97 99 103 112 129 147
29 41 53 54 63 83 100 104 113 130
25 104 109 114 118 119
19 21 40 43 55 58 74 82 90 98 110 146
32 51 68 70 91 105 123 130
9 12 45 64 92 146
8 17 54 56 94 110 133 143
1 15 52 67 81 85 125 127 128 145
9 30 31 44 53 100
13 34 88 94 97 121 131
80 100 106 111 112 118 123
31 43 68 76 103 114 116 132
39 51 61 86 108 111 120 130 131 144
3 20 24 34 48 49 50 69 75 105 132 146 148
4 25 64 66 89 100 115 127 133 135 138 143 144
3 61 67 78 116 134
6 34 35 47 67 93 95 98 112
25 30 46 58 60 73 78 83 105 129 141
15 18 60 65 74 78 82 91 93 96 108 141
19 20 32 70 97 101 119 143
6 65 115 122 127 146 148
9 36 52 69 90 99 108 127 128 132 138 145
19 36 73 104 131 141
38 60 65 94 97 101
5 48 58 69 92 132
1 13 17 19 26 39 49 67 86 88 96 120 145
0 1 9 23 53 64 66 74 98 99 113
10 28 82 92 103 108 118 132 145
22 45 57 76 89 103 118
3 30 38 47 54 58 71 130
11 15 61 67 78 80 92 105 122 132
0 43 47 69 78 98 124 131
21 42 97 99 105 107 135
5 15 19 37 65 71 126 136
10 28 38 79 107 134
4 11 29 36 38 50 59 104 105 107 121 128 130
9 25 58 62 63 76 80 99 103 119 125 135 143
13 14 32 41 53 72 88 101 116
29 33 53 87 102 110 123
15 19 20 52 54 65 77 82 83 85 101 106 132
17 20 35 45 53 57 84 94 113 124 125 127 129
54 61 66 92 94 118 121 147 148
0 10 13 30 82 130 145
1 45 83 127 132 137 145
27 31 62 107 114 121 134
6 11 12 13 15 46 58 65 89 97 107
9 15 18 37 55 88 102 103 108 139 142
2 24 27 31 39 41 64 91
21 22 41 43 49 50 63 80 84 93 127 135
5 20 28 33 52 57 85 91 103 136
5 19 54 82 125 136 137 142
1 11 17 30 69 77 85 103 108 129 143
25 34 41 42 44 59 82 92 97 100 139
4 15 54 62 75 79 86 144
10 15 18 76 124 125 131 138 149
15 18 30 34 48 49 81 103 113 129 134
20 47 52 60 73 80 84 112 120 123 126 130 143
8 11 28 44 51 60 92 93 102 120 134 149
8 20 39 70 85 129 138
11 23 28 67 72 110 122 134 146
26 51 67 70 72 84 123 129 130 131
15 17 42 49 52 69 81 93 126 144
9 11 34 58 70 73 106 126 128 132 134
6 14 15 59 66 84 98 112 132 143
8 32 95 97 133 135 136
52 64 71 94 96 97 113 134 138 140
49 56 80 102 117 144
16 17 21 52 55 57 91 95 97 100 122 126
7 32 34 57 58 83 86 105 120 124 131 140 149
14 18 19 28 55 83 85 109 112 117 127 139 142
16 35 38 70 120 141
7 29 56 76 100 104 108 116 117 122
0 8 29 49 59 68 70 107 110 126 140
5 21 53 63 64 70 77 89 90 118 131 140
4 18 32 36 49 50 57 58 74 98 131 132 135
5 10 18 37 102 126 133 135
10 23 25 29 54 57 62 68 82 85 104 145 147
8 10 20 25 26 57 66 74 105 107 129 131
1 5 41 71 83 84 96 115 125 130
23 33 42 75 101 116 123 134 135
5 19 35 36 44 83 92 97 136
9 12 13 22 26 32 40 50 79 86 98 125
17 30 63 79 82 104 132 146
32 35 39 44 49 102 131
6 11 17 104 127 133 140
40 60 71 84 102 127
3 88 92 130 143 147
17 32 33 44 49 51 59 66 73 77 92
44 47 48 52 56 82 85 89 129
8 38 41 65 111 112 122 131 133
9 26 27 36 59 75 96 107 117 120 135
4 7 14 29 43 58 88 94 107 111 142
7 48 90 92 97 101 110 146
2 13 32 50 51 64 72 78 115 137 141 145 146
56 63 90 91 101 110 113 131 133 147
31 41 50 97 98 125 126 149
4 14 15 46 55 105
0 16 20 34 51 68 98 101 103 104 148
8 18 47 50 54 90 101 107 130
15 27 52 82 120 124 132
1 14 23 55 75 82 104 108 113 117 148
2 6 35 71 108 135 146 148
29 47 52 57 78 79 80 81 92 116 132 136
21 52 70 84 102 109 136
2 6 52 80 83 91 113 123
3 7 25 38 61 69 84 95 115 117 126 130 145
12 40 54 58 68 75 85 99 105 120 131 133
24 43 50 95 100 118 130
33 69 125 138 139 148
17 41 57 60 87 130 136
5 13 32 78 82 87 92 96 103 112 120 132
7 13 39 43 50 52 66 86 108 112 113 125 131
7 39 51 110 122 129
12 31 38 53 96 131 133
2 23 43 52 85 106 135 144
3 12 13 23 25 27 65 69 82 93 111 117 143
40 46 48 58 59 76 82 117 125 130 132 148
8 16 31 33 41 57
0 6 24 43 49 58 59 61 67 107 117 133 141
11 20 53 68 81 106 113 143
6 34 64 82 93 114 125 145
9 13 38 62 115 116 122 146
55 56 57 60 67 68 83 84 114 122 128 130 147
2 42 49 52 62 93 106
36 64 71 79 85 98 101 103 107 114 137
17 27 34 35 37 62 125 144
17 69 87 128 133 137
4 10 71 73 79 94 106 118 137 149
13 16 93 102 104 125 130 135 145
34 40 42 45 53 56 65 69 83 117 133 135 137
12 26 97 103 106 114
0 9 49 55 70 79 80 84 101 121 134 142
31 41 57 67 85 86 96 109
2 8 18 29 45 74 75 96 109 116 117 131
21 57 61 64 65 106 144
1 9 10 40 60 87 133
27 42 59 61 70 71 76 94 102 104 109 124 140
14 15 16 38 46 86 91 108 111
0 35 36 39 52 68 91 104 118 123 133
51 64 68 79 89 96 104 108 112 120 140
20 24 34 42 68 79 111 120 124 126 127 135 137
63 67 70 73 76 78 115 119 133 140
15 28 35 75 86 91 98 137 139 148
32 51 76 77 88 95 101 120 124 129 131
24 60 76 83 88 101 121 123 143
3 24 33 61 71 91 139
17 19 20 22 36 58 81 121 137
3 9 17 19 37 41 45 46 107 130
9 27 32 41 91 92 97 112 113 122 135 140
0 3 14 16 22 87 92 123 126 149
16 25 32 41 58 67 77 94 132 138 142 147
42 83 85 86 97 120 127 140 145
8 12 18 22 25 80 82 91 97 121 141 145
0 4 24 58 63 75 92 95 111 126 127 137 146
0 44 47 69 71 124
40 43 58 62 86 93 106 115 134 138
34 35 64 68 70 75 81 88 98 106 118 122 145
6 26 40 55 65 95 99 107 115 121
16 18 53 58 71 78 90 93 102 106 119 145
2 13 40 60 71 79 98 149
13 34 71 77 110 121 128 138
60 73 124 129 132 144
24 31 37 43 47 73 92 127 129 131 141
29 47 76 116 118 124 134 143 147
28 74 92 103 110 115
5 13 28 60 82 121 141
3 7 25 56 87 97 112 120 122 135 136 139
4 31 36 46 47 66 73 113 115
27 39 45 56 60 62 139
12 67 79 82 96 97 145
31 65 79 83 90 101 109 125 131 142 146
15 17 33 36 46 74 75 76 83 90 112 122 142
31 63 76 82 91 107 109 120 136
60 67 75 85 91 92 97 115 118 133 136 140 149
7 31 33 45 55 59 72 82 130
3 12 31 54 68 112 140 145
1 2 7 36 77 85 87 101 111 129
3 5 12 16 43 92 94
7 10 71 79 118 120 124
0 4 9 20 39 41 47 61 62 75 78 91 114
7 14 34 35 44 47 60 143
18 19 39 44 47 48 80 98 120 130 132 140 149
75 88 107 116 119 145
3 5 7 10 38 109 116 121 144
5 7 20 26 31 34 65 73 122 133 143 144 146
31 48 68 71 73 104 118 120 122 136 148
0 31 38 53 60 134 136
33 54 89 97 99 103 107 129 137
2 20 23 24 25 45 56 57 63 66 70 71 116
2 7 22 35 42 57 64 71 85 87 110 148
27 33 34 47 75 81 89 92 97
7 14 50 56 78 86 96 103 149
9 36 38 47 67 76 86 96 112 113 121 136 142
34 59 76 103 116 117 130
10 21 66 109 126 131
18 21 22 35 75 83
9 43 88 117 126 131 145
18 21 50 78 80 86 121 122 125
8 13 41 49 51 73 81 83 100 101 103 128 129
0 8 19 33 52 60 93 104 138 145
13 14 25 70 82 84 142
0 5 18 23 109 111 132 140 145
17 29 42 69 74 75 78 90 95 97 112 129
1 7 35 49 69 73 90 93 118 127 130
2 3 5 17 51 79 115 118 130 132 141
19 61 78 89 101 124 133
22 27 51 59 80 83 94 100 123 135
5 7 17 92 97 111 131 143 147
23 24 41 52 64 123 124 129
2 49 79 80 114 129 137 143 147
4 7 14 29 44 78 84 93 95 110 119 132 138
10 40 61 74 80 121 137
6 19 23 30 31 39 48 73 80 146
1 10 13 17 24 30 42 71 84 91 96 114 149
0 30 59 65 100 101 102 142
3 11 28 34 51 106
10 14 38 49 55 89 123
7 15 72 95 98 140
0 11 70 83 84 124 132 137
15 18 19 35 44 46 54 86 121 127 133
11 65 82 105 124 132 146
12 14 21 45 57 97 100 121
12 15 21 23 91 93 144 145
6 24 36 48 55 72 93 96 98 134
8 22 31 48 57 87 107 134
14 15 41 45 70 83 94 95 102 109 110 143
8 13 33 37 39 42 53 69 98 101 104 124 133
17 18 21 46 93 110 120
5 30 53 61 62 94 105 106 107 127 132 139 145
5 24 29 41 56 65 66 86 99 128 138 142 143
2 11 13 27 52 65 90 96 119 121
0 28 32 46 52 70 104
0 14 20 34 38 56 141
7 20 58 61 81 104 109 126
15 19 21 59 60 66 71 75 79 108
8 33 59 64 71 77 89 94 97 114 123 131 144
25 35 36 87 89 120 136 145
30 32 43 53 79 91 110 128 132 140
0 12 18 29 30 46 55 73 74 81 100 125 147
17 29 82 92 108 125
46 70 74 82 84 114 120 130 139
15 47 52 87 122 129 130 142
11 14 15 23 31 48 67 79 88 141
7 70 71 77 99 113
13 43 54 68 85 92 97 123 128
20 27 30 37 74 80 85 102 108 118 130 139
7 11 25 39 42 45 46 72 103 137 142 145
44 46 64 72 83 84 85 110 122 130
16 17 42 58 59 60 64
6 45 49 62 66 80 126 136
2 4 11 28 40 110 115 122 144
13 16 19 21 38 80 83 116 148
20 33 73 112 115 123 133
3 9 25 29 49 58 61 64 83 114 118 138
1 19 48 49 90 109 112 125 129 146
3 14 23 26 46 50 55 57 90 96 125 131 143
0 14 53 73 81 82 105 139
12 19 20 24 26 49 61 119 120 122 128
28 49 50 56 63 66 87 90 95 112 116
44 85 94 102 108 110 114 131 139
8 10 19 23 40 85 108 119
17 38 42 45 62 106 121 125 135 144
3 7 29 33 35 36 49 60 65 88 99 116 120
0 7 17 57 71 76 90 134
13 45 63 71 81 84 96 140
7 11 47 93 104 143
11 38 58 60 76 90 115 119 121 122 123 148
4 23 50 53 103 134
6 17 22 35 52 82 85 99 114 116 121 133 145
3 17 27 41 48 103 105 110 124 140 149
5 6 12 26 27 42 85 108
6 11 27 44 86 95 104 125 135 143
1 4 7 20 34 62 68 77 93 95 126 129 132
5 27 37 50 54 75 85 93 137 138
0 12 20 35 55 84 97 120 123 124 130 144
6 14 16 106 107 113 122 130 133 144 149
2 5 6 17 20 23 26 52 70 82 118
6 8 33 74 75 98 129 137
2 6 10 67 82 100 102 106 147
0 19 28 30 72 92 122
17 33 61 64 86 124
14 54 87 91 92 95 105 140
9 21 44 45 81 130 131 148
28 32 57 67 80 141 144
2 5 46 70 75 79 87 90 94 110 119 129 140
15 89 91 109 136 142 144 149
7 13 46 56 59 77 82 96 115 149
6 16 18 23 39 44 65 96 120 124 126
6 58 73 106 107 111 127 129
10 14 15 43 44 50 78 91 117 129 142
48 73 78 83 103 125
29 51 61 62 75 116 121
11 45 72 74 83 95 96 116 120 126 139
6 24 43 50 59 63 69 70 77 86 128 137 145
7 18 57 63 86 106 109 132 135 139
26 44 49 84 90 95
4 15 63 94 109 126 142
36 84 99 109 119 141
3 27 45 91 108 129
13 49 55 79 83 89 90 91 119
5 7 11 19 40 53 93 98 107 114 119
2 48 56 61 82 93 110 123
39 57 91 115 120 128 130 146
0 2 15 25 38 74 98 119 135 146
14 21 35 54 82 85 92 102 109 118 141
15 20 42 65 95 98 114
10 31 36 58 74 82 83 93 97 98 112
11 26 59 75 81 103 119 148
5 37 40 66 68 71 81 106 117 123 126 140 147
30 42 86 87 118 134 136 146
7 16 90 102 112 118 141 149
12 29 34 45 66 68 84 87 129
25 26 44 66 77 80 87 88 145
6 36 37 60 75 95 105 145
12 22 26 54 57 66 68 110 119 137 148
28 44 65 73 80 109 115 117 136 140
18 76 83 92 113 114
0 51 59 86 123 130
1 3 13 15 50 83 86 101 123 125 128 134
0 2 4 12 31 37 42 72 78 92 109 120 129
26 29 31 52 59 78 111 121 144
25 52 63 67 84 104 112 135 145
7 95 100 103 127 128 149
3 58 76 90 99 104 111 112 147
17 31 34 42 58 71 85 119 124 129
11 14 26 27 47 64 95 97 99 112 125 132
9 34 44 45 49 65 68 74 102
6 30 55 58 84 93 100 125
11 31 55 57 58 68 77 85 114
10 52 70 79 105 113 115 120 123 134 140
11 62 81 92 100 121 131 137
6 22 26 45 69 87 97 100 105 114 136
0 8 9 29 32 78 80
23 37 85 86 94 100 110 112 125 128
27 35 55 58 63 65 66 80 107 111 116 127 129
7 28 30 40 73 77 92 123 126 135
1 24 76 99 104 147
14 15 16 26 54 64 77 109 113 124 138
17 50 62 65 94 116 145 147
0 1 24 66 73 78 126 131 136 143
10 11 18 20 25 28 41 86 91 126 135
1 6 50 63 112 122
5 19 24 27 31 36 66 72 111 119 137 141
40 55 56 59 62 93 96 146
5 10 28 34 49 67 92 110 114 122 142 146 149
6 36 55 64 78 107 126
19 25 60 93 114 117 119 134 141
27 29 35 44 51 56 71 76 112 128 148
6 31 49 56 62 72 87 89 146 148
48 63 65 101 138 139
14 16 43 62 92 102 121
2 58 70 93 106 144
8 10 11 27 38 65 103 112 126
1 5 7 26 36 47 51 74 130
17 18 28 32 48 55 65 76 78 86 112 140
2 7 8 22 29 59 64 71
9 23 34 46 52 74 83 112 144 146
16 41 60 61 81 86 94 112 122
20 31 53 78 81 92 110 126 143 145
29 31 42 47 73 132
37 44 52 66 92 103 120 148
16 21 38 57 63 84 94 103 118 119
1 11 59 62 90 95 100 114 123 135
0 19 35 38 41 45 58 77 93 94 110 118 138
8 26 63 66 117 133 137 139
5 20 23 40 47 85 92 122 126
9 13 23 42 46 50 77 94 107 115 120 121
11 38 40 74 81 99 105 110 123
12 35 75 82 99 103 111 114 139
31 36 41 61 62 81 89 98 99 101 142
28 72 94 108 124 132
12 46 66 99 103 114 115
15 30 48 95 128 135
5 31 39 63 93 115 132
12 20 25 41 46 64 67 72 83 95 104 116 118
28 52 60 65 67 73 83 105 108 114 124 135 144
23 30 45 58 60 82 88 94 102 111 118 139 144
1 4 68 85 90 101 106 111
5 8 22 86 88 91 103 112 142
1 6 15 41 44 64 74 76 111
22 66 106 138 142 143
6 16 22 29 30 34 45 49 54 74 91 114
6 15 30 48 51 58 75 107 119 127
20 22 37 53 100 110 131 133 144 148
23 81 108 136 137 141 143
13 45 52 62 88 147
19 20 61 64 87 89 95 97 105 119 135 145 149
24 25 58 69 83 97
2 20 26 35 38 105 112 116 122 137
26 57 64 69 76 144
5 28 60 88 125 133 146
1 6 8 19 30 43 76 79 115 120 128 129 132
4 29 30 40 81 90 100 103 107 115 125 134 142
26 31 46 47 53 59 67 110 114 131 149
2 7 22 26 53 75 112 118 126
1 16 71 76 82 100 112 142
2 24 32 45 52 82 86 95 109 123 130 132
77 84 88 89 94 149
4 22 37 38 52 55 73 84 118
14 15 36 50 55 80 81 82 111 116 132 136
2 68 69 75 79 86 89 124 145
0 57 58 80 93 100 106 120 123 130
10 30 42 59 61 80 95 104 143
8 9 15 44 66 75 85 98 116 132
41 58 69 81 89 99 110 131
5 6 30 54 67 72 89 91 107 111 120 138 142
58 65 81 87 88 94 97 103 107 108 126 141 143
29 37 41 53 73 127 148
11 16 23 25 34 38 49 71 73 88 141 144
4 17 18 30 33 37 49 79 98 107 131 142
2 12 29 30 70 105 124 129
33 35 38 41 51 73 84 91
1 14 38 57 70 76 78 127
21 39 50 80 82 85 98 119 123 132
6 9 11 34 63 77 109 113 120 122 133
7 14 19 37 50 52 58 68 89 92 109 130 145
6 16 32 80 116 128 144
4 6 14 24 42 44 78 81 82 112 125 136 142
1 28 39 44 46 49 76 81
4 12 27 38 62 93
22 23 30 46 80 86 98 102 115
0 4 16 38 70 124 137
4 28 43 56 87 110 120 123 126 130 141
5 37 41 62 67 72 81 95 101 102 106
7 36 47 63 96 135 137
41 49 50 55 90 99 143 146
34 44 53 54 57 80 88 98
29 47 54 56 75 82 102 138 148
37 42 47 115 124 148
0 6 9 16 28 49 86 93 109 114 124 128 134
12 14 18 21 31 39 41 75 105 136 149
0 8 43 49 67 83 86 87 90 102 130
23 29 37 50 94 103 107 149
55 75 79 84 104 120
4 32 37 95 96 99 127
18 42 48 57 69 70 109 132 149
10 26 28 49 53 97 112 114 115 146 148
0 4 12 33 59 72 85 119 141
7 29 67 78 91 124 133 148 149
2 4 28 52 79 84 94
12 64 72 103 114 146
17 23 26 35 52 74 81 115 123 133
6 14 28 46 52 59 96
0 10 11 18 68 72 112 122 123 125 133 141
54 57 90 92 107 110 149
20 35 40 49 73 104 123 128 136 143
19 40 45 57 58 108 111 125 129 142 146
88 98 105 117 122 127
2 29 44 51 115 119
4 10 40 56 64 76 107 111
34 45 49 64 66 117 124 132 146
46 50 70 75 77 94 111 129
3 5 6 25 78 81 88 98 103 105
10 21 37 44 49 52 54 77 82 87 101 131
5 11 26 30 35 49 53 54 85 97 115 120 149
12 37 52 61 77 88 107 109 111 120 139
34 49 55 68 113 124 139
4 7 19 39 44 51 53 61 104 110 118 143
9 22 40 79 102 104 109 111
3 20 54 60 62 70 88 89 100 119 144
0 11 17 18 25 26 71 89 93 148
0 2 6 16 58 69 79 85 105
15 49 64 78 85 88 90 91 105 110 128 144
8 17 55 81 94 126 127 131 146
11 16 21 30 51 52 105 128
0 6 13 22 53 61 109 123 126
25 48 56 59 67 73 111 112 149
58 61 63 64 75 104
32 65 85 119 130 133
3 21 29 54 67 96 107 126 133 145 146
0 14 28 34 50 107 127 144
12 18 70 74 100 105 109
32 41 74 86 94 98 99 120 136 147
26 29 42 56 64 91 122
3 12 25 67 70 77 97 110 125 142
5 28 56 77 91 105 124
4 26 50 51 54 88 99 117 134 145
8 19 55 69 72 101 108 113 114 133 149
39 42 48 49 77 112 115 142 145 148
3 17 29 72 77 78 85 95 100 124 136
4 17 19 41 51 74 102 130 141
9 51 67 74 76 80 85 106 112 123 132 142
7 14 56 59 85 103 123 127 147 148
2 10 26 42 65 68 133 137 140 141
14 46 57 90 98 126 129
14 20 27 29 31 37 44 60 89 102 106 148
8 10 25 41 49 69 85 108 116 119 136
23 27 37 66 67 86 111 117 121 130
20 22 51 58 63 64 87 99 103 106 108 141 144
12 57 85 114 124 131 146 147
0 28 32 41 53 55 65 110 130 134
7 37 43 66 72 91 135 141
61 107 113 116 118 130 131 149
11 12 21 38 45 48 57 110 118 127 149
7 10 37 42 47 63 92 100 112 120
16 17 31 73 92 146
4 21 61 72 122 125 129 132 141 149
18 21 44 64 86 106 110 113 117
25 48 68 76 89 96 103 106 119 129
22 35 55 67 69 70 74 86 87 107 120 138
2 21 26 31 40 44 84 90 103 113 119 123 134
1 4 29 34 70 73 94 95 109 116 120 123 126
10 17 20 24 43 48 68 90 97 129 143
20 22 26 43 55 56 77 99 101 119 125
2 22 23 28 29 30 48 69 74 91 120 126
14 57 62 106 110 117 127 135 146
57 68 73 90 100 112
32 55 103 115 118 137 143
14 37 44 56 116 122 138
2 17 27 73 112 134
1 5 12 35 80 89 95 104 113 145
4 18 28 31 45 56 61 64 67 98 115
3 9 11 35 72 86 99 141 142
11 21 29 76 85 89 115 120 143
6 7 12 26 34 130 135
25 27 30 94 111 119 125 142
1 21 22 89 98 101 112 122 123 133
3 21 31 69 74 93 99 101 106 146 148
6 25 57 85 103 120 122 125
15 19 21 41 68 137 145
7 20 49 52 63 111 141
6 46 59 93 97 116 120 129 142 143
23 37 46 50 56 59 61 87 119 148
45 49 52 53 72 93 107 121 129
0 8 23 39 41 63 74 77 79 81 96 131
21 32 35 58 80 87 103 109 115 132 144
48 50 61 64 67 71 90 127 131
19 27 32 34 50 55 73 83 84 98 110 114 122
1 49 88 94 116 142 149
13 35 60 64 124 140
9 32 78 130 137 147
14 36 41 49 70 76 79 80 126 148
0 8 15 54 70 90 103 131
6 40 46 108 110 132
76 83 91 99 114 119 139
4 9 30 54 66 69 88 104 112 116 147
11 14 27 66 72 80 119 125 147
8 13 43 47 52 66 75 89 115 123 136
26 29 63 66 69 71 78 99 119 123 140 144
18 25 46 64 71 79
10 14 15 16 33 62 76 85 94 97 108 135
9 15 18 31 83 114 126 130 144
6 16 31 35 75 79 87 88 112 115 125 134 137
0 8 19 20 30 53 56 79 100 101 120 128 134
13 15 18 60 65 100 108 112 117 121 125
25 28 44 63 73 78 99 135 136
0 47 60 84 87 96 113 114 126 127 145
16 26 28 35 44 47 57 69 81 87 91 114 122
4 7 30 67 83 113 134
21 54 55 62 85 102 108 143
5 9 37 39 40 52 62 88 101 104 111 136
6 8 9 10 44 48 61 62 91 114 135 140
7 11 30 53 112 123 130
13 43 56 62 67 89 114 118 135
7 10 20 64 104 121 123 142
25 74 91 98 101 102 118 126
26 54 81 99 109 134 142
22 67 69 89 101 103 118
18 33 34 77 86 118 127
8 45 98 110 119 132
18 50 76 88 104 105 128 130 134 145
33 44 89 105 119 120 144
8 14 23 59 61 72 115 144
25 37 67 86 108 109 127 145
1 38 68 82 92 103
4 8 26 34 42 84 86 115 134
12 40 54 73 83 91 93 94 108 125 133
16 34 37 46 49 64 86 89 99 118 149
19 27 30 40 61 93 100 117
29 38 39 42 52 59 91 101 116
5 7 62 69 103 108 124 130 138 142
11 27 37 46 57 65 85 95 121 130 135
5 21 23 30 53 75 121 127 141
35 40 43 94 135 139
23 34 42 49 72 74 103 104 117 122 129
20 38 60 77 80 92 104 116 123 129 145 148
0 22 35 43 47 48 61 62 70 83 119 134 143
37 40 58 74 83 86 94 98 99 100 135
10 12 42 102 115 137 138
4 30 48 56 90 101 104 105
64 68 104 105 114 118 127 142 146
19 21 24 55 70 97 106 134 149
32 37 96 105 126 139
3 16 18 42 43 57 63 66 124 134
11 15 51 54 58 104 127 149
4 6 7 12 15 29 48 65 109 110 116 131
9 32 40 53 55 63 75 98 117 122 143 148
34 51 75 85 90 136 138 148
10 34 63 69 71 105
