14 30 33 34 56 65 75 87 95 143 145 146
19 33 69 74 84 108 118 119 126 130 134
7 38 64 65 80 97 125 138
17 28 48 50 51 60 78 98 122 125 135 149
3 15 26 38 46 59 63 76 85 104 110
13 17 18 21 32 43 49 50 84 86 117
2 22 54 76 83 108 112 116 138 146
30 34 39 41 48 71 73 82 112 121 141
14 29 31 62 72 93 97 141
1 19 50 78 90 133 135 147
4 10 31 44 47 48 55 104 149
4 54 57 74 77 81 104 105
24 25 29 63 73 88 101 118
27 29 42 45 47 64 85 104 107 117 127 140
25 69 101 103 111 118
0 38 43 62 87 137
0 24 46 65 72 77 89 103 110 117 129
14 22 41 42 73 77 86 96 98
9 10 27 84 94 96 106 108 120 131 147
50 57 58 74 85 86 87 124 139 141 146
0 7 32 47 49 51 69 73 75 87 88 115
2 6 7 13 61 67 100 102 121 128 135 146
18 20 35 38 75 86 92 100 106 112 129
14 33 77 80 95 108 109 115 143
22 30 42 95 106 116 132 142
5 32 42 60 65 74 80 90 94 108 129
16 26 37 98 100 108 138 148
10 12 25 66 86 107 114 117 133
1 17 19 31 44 66 67 94 109 125 130
55 61 64 65 93 102 129
13 19 20 25 32 57 80 84 97 104 127
5 11 13 24 42 51 63 67 69 70 75 83
1 53 58 116 117 120 145
7 10 35 38 59 63 76 93 105 122 140 144
2 78 95 103 114 133 141
8 25 36 38 42 75 123 143
3 4 45 56 63 68 97 111 119
7 50 51 69 77 141 145
8 29 61 95 97 99 103
26 44 59 61 71 75 81 113 127 129 130 146
0 8 25 39 41 63 81 95 108 121 122 144 146
10 23 35 36 62 75 85 89 91 112 123 136
21 48 67 80 109 111 125
10 12 51 52 62 81 147
1 41 68 71 72 128
8 11 13 16 20 28 49 58 65 80 110 134
0 5 56 66 75 83 84 106 119 120 127 129
28 38 51 61 83 89 97 116 133 140 145 146 148
17 20 42 69 88 117 122 135 143 146
17 25 55 75 102 118 119 129
12 49 55 62 76 110 121 134 138
37 60 61 69 98 101 122 125 143
4 6 13 20 44 110 133 134 137 144 146
0 1 8 9 13 27 72 114 125 142 145
10 15 32 51 71 81 127 133 142
49 52 53 67 83 84 104 113 117 120 132 143 144
36 46 60 94 106 144
2 5 6 12 16 20 32 34 38 97 102 115 135
2 44 65 85 145 147
8 15 23 35 37 38 41 53 58 67 100 139
19 28 41 43 48 51 71 107 122 132 136 137 142
11 41 48 74 76 78 88 91 101 104 117 121 142
1 16 21 40 42 51 54 92 122 147
18 28 40 41 46 63 64 81 83 100 110 135 138
0 25 34 48 56 59 80 102 120 125 129
32 51 62 63 84 96 135 140
2 17 46 69 71 111 139 142
8 31 35 40 76 87 88 109 123 128 142
39 43 51 105 121 130 141 143
10 21 40 44 51 62 69 77 80 92 104 121 125
64 135 137 142 143 147 149
5 12 30 38 54 65 112 117 119 124 126 128 138
14 32 33 49 56 62 82 90 109 123 132 146
0 1 15 70 119 121 137
7 19 26 68 92 94 98 143 147
4 15 54 62 63 79 88 106 108 113 142
0 26 32 83 110 113 118
1 49 75 95 123 129 133 137 142 144
1 57 81 82 86 108 126
41 76 78 112 130 145
30 74 79 93 97 103 111 121
3 19 87 98 106 138 144
3 9 63 67 104 113
10 14 29 81 145 149
9 10 14 22 40 48 61 92 121 122 130 131 144
34 55 69 73 107 108 118
27 37 41 58 60 67 76 80 83 110 127 138 139
30 58 61 70 139 145
31 33 46 85 98 122 129 149
16 26 56 60 76 89 90 106 108 143
5 11 13 31 43 51 77 89 95 108 111 143
9 25 32 48 70 84 122 149
0 17 21 85 96 97 99 106 115 130
6 10 27 32 33 79 87 93 97 115 117 119 132
13 34 40 48 51 62 74 75 124
3 5 8 14 29 33 58 80 115 118 137
4 23 28 67 88 133 141 144 149
0 12 14 75 79 80 98
7 25 29 67 78 89 95 117 133 142
3 20 36 41 50 102 117 121 130
18 27 50 53 59 67 76 84 146
4 5 10 32 35 67 88 101 103 121 126 149
4 18 26 32 50 65 141 149
6 34 37 39 49 50 82 117 140 148
0 23 28 36 48 73 82 83 86 93 96 100
2 7 12 14 23 29 46 49 52 66 99 107 123
0 10 12 19 47 52 60 64 92 118 134
12 40 43 46 59 77 87 98 134 142 144 145
16 32 42 92 101 111 125 142
3 34 53 56 68 73 108 111 135 139
33 48 53 80 82 109 130 135
4 7 10 55 65 85 94 104 118 139 147
23 34 77 85 96 98 119 124 131 135 138 147
17 38 52 56 97 104 142 149
37 76 82 114 122 124 136
3 38 44 51 63 78 106 109
3 59 70 71 108 145
4 30 37 74 93 110 112 137 145
22 75 96 98 110 112 119 126 147
11 13 82 94 104 110 132
22 26 28 60 61 65 76 81 109 147
4 13 29 62 87 103 114 119 123 124 139 149
8 9 32 38 116 132
17 26 33 46 55 84 100 107 112 135 146
2 6 9 12 15 23 56 57 89 110 120 121 126
36 38 39 50 56 75 81 87 100 113 127 131
13 52 91 102 114 120 142
49 54 64 66 73 120 129
3 24 34 63 66 70 82 92 119 131 133 139
62 113 123 126 127 133 136
29 39 45 61 95 102 113 134
9 13 24 78 90 130 148
2 20 25 49 53 56 60 83 90 117
2 12 20 27 45 61 87 94 97 113 114 124
47 53 80 82 99 102 132
5 6 21 40 43 46 54 103 115 116 131 138
6 54 57 67 104 113 138
40 66 71 98 101 104 113 136
19 22 34 47 51 67 77 89 91 123 125 130 137
6 13 15 44 60 61 67 75 88 130 141
39 69 84 123 128 133 138
21 39 86 87 101 107
39 44 58 65 66 69 78 81 94 129
0 31 33 44 52 54 74 76 101 113 121 133 147
0 20 22 51 72 97 103 111 129 131 137
16 21 31 50 57 75 88 93 103 139
12 16 57 79 101 126 147
4 5 37 41 56 58 69 73
2 8 15 32 34 64 79 93 122 126 138
2 14 40 41 59 72 86 117 126 129
9 20 45 65 97 100 107
28 30 32 48 66 85 104 125 136
9 38 48 51 55 74 93 95 132 143
18 21 32 51 79 95 134 137
17 23 39 49 66 70 87 92 104 118 128
3 29 57 60 92 96 106 122 135 142
0 7 33 46 114 132
3 35 45 55 57 91 108 115
57 73 82 113 117 127
38 42 47 53 60 71 80 111 114 128 142 144
8 11 45 81 86 101 124
20 21 30 49 66 71 99 126
22 41 55 79 82 96 105 115
32 48 55 64 114 130
2 9 54 69 77 101 105 115 122 141
11 54 78 98 127 133 147
8 30 62 63 70 82 85 102 113
15 17 18 41 49 75 106 110 117 132 133 144
12 19 22 80 97 98 105 118 139 140
14 50 66 76 136 145
0 2 26 29 42 44 54 99 109 115 130 131
9 15 23 52 66 89 130 145
22 45 65 67 74 75 91 113
6 58 59 69 100 115 127 137
11 19 49 60 81 92 94 103 111 124 133 140
18 23 37 47 55 100 116 149
15 22 29 31 41 61 68 86 129 134 135
7 10 58 61 68 75 89 93 95 106 137 143 149
29 32 33 36 38 67 81 94 97 110 126 129 133
8 53 55 75 90 101 106 115 139 141
26 35 39 50 51 119 122 123 129
11 33 46 70 75 89 101 121 129 138 148
31 34 37 59 66 75 79 86
9 18 25 26 54 60 70 75 77 91 92 93 149
1 38 57 78 82 95 103 133 145
1 34 45 65 72 76 87 116 124 133 143
7 13 31 65 70 74 80 92 114 126 140 149
12 25 27 28 35 54 60 67 85 125 135 141
0 39 40 45 46 69 73 85 99 119 125 127 149
35 36 39 61 64 67 68 77 110 121 126 135 148
33 41 44 60 83 97 108 111 137 142
17 30 34 46 58 64 93 104 113 122 134
4 11 15 24 34 52 84 86 96 112 113 124 130
9 13 26 35 62 66 97 101 109 125
4 12 96 98 111 114 121
3 26 37 52 55 93 98 102 143
3 21 51 55 64 76 84 106
0 3 34 36 37 54 64 89 96 107 115
0 4 19 52 54 63 78 89 102 126 128 143 144
19 25 29 31 40 84 124 129 139
3 42 63 74 83 97 101 109 111 128
4 11 12 23 51 53 57 91
20 37 56 57 71 79 100 107 132
14 57 61 64 103 130 138 142
1 6 27 41 45 54 56 72 97 123 139 143 145
39 71 88 133 141 149
23 49 80 97 106 110 133
19 37 44 50 68 74 87 92 112 114 128 144
21 22 35 38 45 48 77 82 115
13 17 39 59 67 99 103 108 133 143 145
2 13 17 42 44 58 93 95 96 110 116
25 36 65 95 116 121 122 126 129 149
0 24 32 48 52 80 114
15 29 47 63 99 142
5 30 45 51 59 97 98 116 122 149
6 8 22 23 25 49 58 83 100 107 123 124 134
1 6 43 77 83 107 145
5 32 39 59 66 96 117 129
2 5 6 41 96 118 136 139 146 147
10 15 37 40 47 48 55 74 80 110
15 29 37 56 78 81 94 105 109 122 132 134 139
1 10 55 73 99 102 109
39 71 75 80 81 147
17 24 73 106 118 129 130 137
35 67 75 77 79 88 89 132 133 146
23 36 41 42 49 65 82 85 95 99 104
7 12 45 58 71 84 85 101 103 118 148
28 38 58 74 99 118
6 11 53 66 77 83 105 131 137 142
19 30 46 49 56 58 70 92 104 130 138
11 23 64 75 106 108 116 126 138 145 146
35 36 37 44 50 61 75 83 97 114 129 131 147
12 22 43 47 50 53 61 86 101 106 110 118 148
12 13 26 31 42 59 93 113 121 126 141 146
2 23 49 56 62 84 89 95 115 127 136
11 14 21 25 27 32 34 36 37 62 101 108 136
14 17 35 43 60 75 103 105
8 10 59 62 82 107 114 124
7 12 27 37 80 92 94 104 120 130 139 148
0 14 23 30 47 55 61 72 79 146
11 16 24 61 65 76 104 105
44 53 90 108 119 133
23 32 52 66 77 98 104 112 145
6 11 27 38 57 62 65 72 90 94 114 134 137
29 37 56 94 111 115
42 52 53 58 106 112
10 35 65 97 99 102 112 124 134 147
2 7 31 36 69 84 118 128 130
52 61 90 109 133 138 141 148
1 26 27 47 48 55 92 141 147 149
2 20 22 37 62 66 103 122 132 136 140 144
48 50 61 62 66 90 106 143 146
38 74 79 113 118 122 123 133 141 143 145
7 11 28 49 56 84 102 112 114 117 125 134 138
4 29 33 67 69 76 77 99 107 120 124 139 140
49 58 70 79 86 110 114 118 137
12 14 53 55 58 73 78 79 108 120 125 140
33 41 44 68 69 80 81 89 99 105 142 149
18 27 77 79 120 125 130 141 146
0 18 29 52 61 68 73 76 113 115 116 142
3 13 42 47 57 71 97 118 124 133 145
12 23 25 31 32 67 70 72 74 84 98 105 123
9 30 33 35 39 51 62 74 97
20 54 77 91 99 128 138
38 44 57 83 88 98 101 114 133 135
5 15 25 38 72 83 85 103 118 122 144
1 21 25 45 51 71 81 97 103 107 143 146
4 16 22 23 25 27 35 58 94 98 104 132
15 40 76 87 89 92 112 119 128 146
0 25 33 39 45 46 49 54 66 77 90 112 123
61 71 73 87 137 146
4 33 72 80 84 111 130 143 146
67 89 111 115 134 149
6 70 77 84 103 117 126 131 134 149
0 12 36 43 54 91 96 107 120 135
11 24 33 35 59 71 122 131 132 137
2 9 11 16 37 40 46 92 114 120 139 147
26 29 37 65 66 71 72 84 85 86 143 147
16 33 34 56 59 86 88 100 103 104 110 141
9 46 50 51 71 90 100 103 119 131 132 146
7 11 32 46 80 82 89 119 126 141
2 19 23 57 58 81 100 101 113 135
1 15 22 43 70 101 105 106 122 128 129 144
10 21 39 52 94 116 147
12 21 32 65 68 73 77 124 125 133
6 13 19 72 102 105 116 118 124 129
12 16 42 99 100 122 132 147
5 22 56 65 93 114 120 133
6 7 29 87 90 127 148 149
12 27 38 63 93 113 128 136
8 19 37 38 61 67 69 78 79 124
2 7 11 20 26 37 55 72 82 84 87 93
25 42 56 66 74 86 115 118 121
14 50 54 64 65 69 82 88 99 144
17 22 41 46 58 65 137
7 17 23 26 46 75 86 91 99 120
11 12 37 74 76 85 88 97 121 127 128 135
29 40 43 53 75 89 99 115 122 143 147
16 18 19 21 28 34 37 45 63 78 96 101
20 47 80 94 96 104 118 139 143
15 33 48 49 52 68 71 76 83 107 109 118 119
45 46 47 51 63 109 119 122 123 127 142 144
5 20 39 58 69 70 86 104 133 137 143
27 40 58 66 67 79 85 108 121 122 123 128
3 7 8 19 29 33 47 81 115 126 133 147
17 89 99 101 103 126 135
0 47 70 90 113 146 148
13 23 59 62 79 89 96 106 111 123 124 127 133
2 35 47 69 84 85 86 105 111 116 137 141 144
6 13 51 80 86 99 149
3 27 38 53 105 126
14 19 20 25 37 51 63 64 81 93 114 131
10 25 31 36 49 61 88 96 101 104 126 139 145
0 8 31 57 111 120 126 139 145
9 15 32 42 63 74 90 135 147
8 16 38 49 69 79 114 125
2 11 29 63 65 66 77 92 111 128 135 142 146
15 30 47 60 65 71 86 96 126 128 137 138
50 76 80 85 93 106 108 115 121 126 132
2 21 28 31 58 71 76 78 107 147
15 23 40 46 49 58 63 71 101 115 135 146
15 23 43 52 85 108 112 119 143
0 4 8 20 76 77 87 99 116 130 136
4 12 111 131 135 139
38 42 52 55 63 66 71 106 122 128 136
2 8 19 36 52 117
6 37 61 67 69 74 77 112 120 125 133 149
16 25 39 40 47 50 80 96 99 114 119 125 149
6 14 31 43 52 68 86 91 94 104 106 137
3 9 11 14 15 21 51 66 98 108 122 127 148
1 41 64 76 115 149
3 19 42 57 70 76 105 125 126 132 148
44 55 77 84 96 101 128 145
14 29 44 49 56 59 86 132
5 19 23 56 104 105 114 117 123
9 14 19 34 49 148 149
24 35 37 46 71 80 82 100 114 129
4 6 25 42 84 94 99 113 129 148
5 14 39 94 97 98 123
13 15 42 55 83 84 113 142
32 46 54 65 68 88 116 127 134
28 32 94 96 98 134
37 64 67 73 79 103 114 132 146
48 54 59 72 91 96 129 130 144
4 37 40 56 92 109 125 126 127 141 142
26 30 34 81 116 124 132 136 137
31 45 55 56 69 72 92 97 109 125
27 28 55 58 64 69 77 92 96 111 118 139
2 6 14 18 63 87 102 134 139
4 10 54 71 77 87 89 91 94 135 137
26 28 35 40 43 72 77 90 103 119 136 142 147
26 84 88 99 122 127
1 25 26 43 47 68 80 86 113 126 137 147
0 2 9 26 34 55 90 100 109 122
13 55 58 71 78 81 91 102 137
8 49 58 59 70 127 129 132 137
27 32 39 45 52 56 57 66 74 76 102 125
8 15 20 30 45 68 73 92 105 109 124 146
12 23 82 89 102 133 141 145
53 59 63 75 104 114 130
7 27 44 101 112 144
4 38 64 79 85 128
4 5 16 24 33 40 95
7 15 36 41 57 59 75 77 85 97 114 128
18 19 43 81 106 119
3 17 26 30 54 57 78 82 83 103 116 141
3 6 14 28 32 59 82 98 99 103 112 135 138
4 19 24 38 47 96 99 107 143
9 12 32 43 54 60 86 96 100 113 114 117 128
24 35 44 45 49 58 96 104 133 136
23 39 41 42 50 60 67 76 100 108 112 124 146
0 14 84 92 123 145
7 75 91 96 123 141
1 24 32 38 72 109 110 114 117
7 34 63 84 94 119 145
3 32 38 52 54 63 92 109 140
24 51 52 90 91 108 115 117
3 46 47 58 90 96 105 106 117 133 134 141
15 19 23 46 49 81 85 95 105 115 125
24 33 53 56 57 70 95 101 119 142
26 27 31 38 44 56 59 63 101 118 119 149
11 24 38 73 78 86 88 100 105 114 126 146 147
2 43 59 62 75 93 112 126 136 137 138
19 32 63 78 83 87 98 132 133 141 143 146
38 51 65 66 102 106 108 115 130
22 26 39 60 68 69 80 101 112 131 133 136 145
26 30 42 43 62 76 88 97
41 55 61 86 102 103 111 122
3 6 12 39 75 81 90 119 125 135 143
24 33 46 54 61 109
9 19 24 51 53 63 64 86 94 98 100 111 141
32 34 41 45 56 62 80 98 125 136 140 145 146
1 19 33 77 95 131 132
1 4 26 35 36 67 76 127 132 135 147
2 17 22 29 33 48 52 53 82 83 118 128
31 47 50 62 65 67 73 75 100 118 122 147
17 22 33 39 46 75 86 90 125 148
68 105 133 139 141 147
0 8 16 21 52 99 104 113 123 128 129 130 142
14 25 36 44 47 56 61 63 68 76 95 109
6 12 13 64 77 83 84 119 126 143
1 14 27 29 57 84 98 106 113 125
45 63 64 77 86 105 119 125 134 142
13 29 37 63 64 86 89 113 119 126
4 8 21 39 118 127 140
0 2 73 98 108 115 124 131
0 14 23 50 77 81 94 102 119 121 130
2 4 26 29 57 100 110 118 127 141
19 31 36 40 47 69 72 98 135 136
8 33 55 69 96 99 105 106 114 128 144
25 84 88 99 114 120 121 125 130 142
13 45 73 92 109 138
12 17 28 32 45 97 118 135
4 6 14 18 22 31 42 45 66 86 91 129
2 21 29 33 61 71 77 81 92 97 103 137 145
29 37 46 63 68 85 110
1 7 12 32 43 80 84 116 119 136 137
1 4 35 90 93 104 128 129 146 149
0 60 64 76 89 111 123
10 13 22 36 46 60 85 116 140
34 46 71 73 77 85 107 118 120 129
32 39 51 60 68 121
25 71 83 85 86 121 127
12 14 18 41 92 110 117
19 44 76 110 112 120 127 141
15 35 39 43 46 61 78 104 134
13 17 36 37 46 48 52 75 83 110
2 31 46 47 54 114 126
37 117 120 122 124 132 137
23 32 39 68 128 138 147
3 25 27 59 73 96 115 121 125 140
12 34 36 43 82 84 100 118 132
27 41 66 71 72 93 118
7 15 20 25 74 76 98 100 118 119 120 142
0 8 29 34 57 88 110 124 133 135 141
15 44 48 54 72 91 97
8 10 23 26 68 82 84 89 101 109 114 146
8 37 56 64 65 71 145
13 25 42 91 94 115 139
0 58 61 89 102 104
11 18 21 36 41 43 45 49 81 92 111 127 137
6 30 34 36 37 46 50 65 72 85 87 148 149
30 39 41 60 90 122
19 22 33 61 77 85 94 149
76 104 111 126 136 138
14 25 47 56 71 88 113 148
5 17 23 45 50 54 92 97 103 132 136 140
8 9 46 53 60 83 129
17 18 25 30 51 52 80 82 84 86 91 106 109
0 3 10 29 33 48 88 106
17 18 30 32 37 38 81 84 102 125
3 47 55 56 58 79 83 94 98 128 147
10 20 27 36 42 52 69 80 83 108
8 18 20 45 70 71 75 114 122 129 149
43 46 59 71 98 116 140 149
6 26 56 66 79 85 110 120 128 131
2 19 41 47 96 99 138 145
10 69 77 87 91 102
0 4 20 23 33 54 69 76 80 88 92 120
8 15 45 53 58 96 102 103 108 118 120 142 144
20 42 60 71 80 90 91 113 147
13 29 53 65 80 81 91 114 145 147
19 22 67 79 87 102 108 114
28 30 36 38 43 49 59 118 130 135
7 49 61 63 73 94 95 103 110 122 124 140
5 7 31 33 46 67 78 91 96 122 131 132 138
10 21 53 58 64 69 85 88 118 132
2 8 45 76 118 122
4 22 124 129 140 144
2 16 19 37 53 64 77 84 105 110 119 135 145
9 15 36 39 67 86 119
9 17 32 45 60 62 88 114 122 134 142
35 50 56 57 97 119 122 147
11 21 50 85 95 147
24 56 64 68 121 135 141
15 20 33 38 55 56 72 80 82 92 98 119
21 38 39 46 47 55 72 128
3 5 54 55 63 91 101 110
5 6 31 41 57 85 99 103 124 128 134 139
15 40 57 58 70 85 87 104 120 131 139 141
21 46 62 118 121 146
44 48 51 59 63 67 85 88 95 101 131
31 82 85 102 104 128 147
0 4 9 30 39 41 52 55 73 91 102 132 143
2 10 21 22 26 29 60 99 104 111 123
0 13 27 29 41 45 54 65 76 98 110
5 8 29 40 83 87 91 110 112 120 124 135 149
5 13 14 34 44 101 110 121 134 140
7 19 47 59 60 88 112 124 145
1 18 36 44 53 56 65 68 79 99 129
28 35 56 60 82 102 130 138
27 31 54 58 76 77 140 146
5 7 12 53 66 85 91 129 143
12 15 31 43 59 76 91 100 108 111 129 131
1 2 6 40 62 68 81 82 86 103 104 107 147
4 13 85 90 102 128 132 135 147
7 19 20 49 50 72 87 92 112 118 129 133 149
9 13 32 35 36 48 54 57 67 72 116 129 131
22 24 34 35 39 75 96 110 114 117 144
1 11 13 14 47 55 81 85 149
4 10 25 38 43 89 124
7 20 27 34 43 48 67 77 85 92 120 130 147
3 22 27 32 33 54 58 77 103 104 129
5 20 27 50 84 85 125 132
31 50 52 55 76 135
2 12 26 32 35 40 68 143
35 36 39 59 75 93 94 104 108 121 138 147
13 29 44 51 65 70 75 93 94 96 117 143 146
4 5 46 72 78 84 149
3 37 52 66 67 68 75 94 125
7 8 26 33 39 45 55 71 80 81 94 103 106
50 67 69 79 85 87 105 108 111 112 117 144
19 21 24 33 35 38 125 129 133 140 144
0 38 54 55 61 99 118 122 148
10 23 29 34 38 75 81 92 106 114 118 121 123
79 81 84 89 93 95 98 147
2 10 23 24 28 68 72 132 148
41 57 91 138 142 147
7 11 14 92 109 124 127
10 17 52 68 78 80 81 116 126
22 32 53 98 108 113 115 137 147
25 33 42 48 90 112
14 15 30 42 48 60 62 64 72 88 92
34 73 101 103 120 133
22 24 30 81 85 92 100 103 104 111 124
1 20 48 124 136 142 144 145
22 34 43 66 73 81 91 93 124 145
8 13 29 56 61 64 82 84 113 116 125 126
85 94 98 109 113 131
1 7 17 62 117 140
2 82 86 95 120 132 134 139 149
6 21 35 38 43 61 71 75 113 127 136 139
12 14 16 41 46 98 139 142
1 2 6 16 24 54 110 145
0 62 63 84 85 91 104 118 148
5 7 18 37 85 101 113 116 138
21 33 48 52 64 66 96 97 109 112 118 130 139
6 8 17 23 24 38 47 62 130 133 136 149
45 69 83 93 125 133 134 135 138
16 40 43 49 76 92 107 118 129
0 27 31 41 65 69 78 86 88 92 105 128 146
6 11 44 53 70 84 118 120 124
12 71 72 102 107 133
1 5 30 50 98 102 103 129
61 80 99 104 108 111 119 123 133
13 24 28 53 67 86 88 116 123 131 137
17 26 34 36 44 46 101 103 106 132 148
20 24 26 80 83 87 95 117 141
13 44 62 113 128 149
3 21 31 58 62 72 104 105 111
18 69 94 132 143 146
7 33 69 95 96 110 114 145
13 21 41 44 67 69 111 119
30 39 59 68 91 110 136 144
30 49 61 75 77 81 83 115 119 126 137 144
7 27 33 36 59 60 99 135 145
56 59 72 74 77 101 121
4 19 36 40 55 70 72 95 118
25 26 61 87 90 91 101 104 115 117 118 132 145
7 29 48 68 71 77 108 124 128 132
23 26 30 51 53 71 74 97 106 112 121 137
13 32 82 98 99 103 115 123 139 145 148 149
10 61 66 71 74 79 81 89 95 102 131 134 135
9 45 67 71 103 108 120 121 143
2 31 122 126 129 142
2 13 25 40 63 77 143
111 124 128 130 132 133 137 142
4 12 16 20 36 58 71 79 100 107 132
4 23 42 57 62 65 68 75 110
0 12 40 49 55 62 65 99 103 117 132 144
18 37 50 53 69 82 99 101 103 119 121 142 146
4 31 42 61 106 114 129
29 54 105 115 131 144
8 20 24 38 41 43 51 76 139 148 149
3 20 35 41 45 50 69 91 118 126
16 38 44 51 76 89 107 136 141 147
19 21 33 61 73 93 104 122 136
29 59 65 74 84 101 105 131 142
2 13 14 67 68 86 87 94 121 138
12 13 14 18 29 35 49 60 67 94 126 144 146
46 53 56 66 79 98 109 125 126 127 129 145
3 7 16 22 47 52 73 81 83 99 125 126 128
19 22 39 73 84 127 129
4 16 24 33 59 97 110 111 143
5 7 41 53 115 126 128 136 146
4 27 38 45 59 80 99 103 122 148
15 16 49 63 107 108 131
4 8 9 31 46 66 94 114 118
25 53 61 78 96 109 117 149
0 63 85 121 138 147
8 38 53 67 73 87 99 115 117
12 22 47 57 69 79 86 129 146
24 27 30 71 73 76 94
13 20 27 28 104 107 134 135
29 33 37 72 78 96 105 111 149
18 56 113 126 139 144
12 16 29 32 70 81 109 114 123 134 137
0 55 71 78 89 96 109
0 23 27 37 63 78 88 113
23 62 65 76 124 126 143
10 15 33 62 65 80 90 110 119 130 139 146
36 68 77 88 121 138 145 149
22 26 30 64 83 94 125 131 134 147
1 12 19 90 100 124 129 133
2 3 4 10 33 38 39 58 84 92 103 133 145
15 73 89 90 99 114
1 3 18 22 39 55 96 101 108 116 120 136
22 40 46 62 69 72 80 86 98 106 110 111 146
28 64 89 95 99 101 126
4 28 54 68 95 98
14 27 31 51 62 81 90 121 123
20 76 89 91 109 112
4 32 39 44 45 54 65 73 78 101 139
9 29 57 73 90 97 104 116 128 136 141 143
14 17 43 48 83 110 119 123 147
3 62 84 98 101 114 123 129
26 35 41 99 103 127
14 34 37 67 69 76 79 101 103 108
3 6 39 41 44 54 64 66 74 97 125
4 44 55 63 136 139
57 69 84 88 89 112 138
51 61 72 75 78 98 99 108 112 121 123
6 12 17 37 48 69 72 74 84 85 99 125 144
5 15 28 42 43 46 88 93 94 123 130 137
10 15 33 90 102 105
1 14 16 18 25 45 93 99 107 128 136
14 15 39 100 102 104 126
8 24 44 98 113 148
60 97 100 120 122 129 130
2 20 23 41 46 53 66 96 101 103 128
28 38 49 53 56 95 112 115 117 124 139 148
6 33 34 58 65 73 78 135
49 68 108 119 132 144
1 8 36 46 48 50 59 65 127 138 143 146 147
21 28 34 49 50 63 73 97 99
22 36 43 46 81 136
18 32 38 52 94 108 126 135 146
5 33 35 51 58 63 67 108 113 134
3 18 56 65 72 78 97 107 119 126 128 135
12 20 33 36 41 97 133
12 40 42 45 47 53 56 104 113 134 140 148
15 17 27 28 42 53 62 65 94 102 114 127
1 2 54 58 82 83 93 94 95 99 113 145
8 23 31 51 58 72 74 75 91 99 100 102 119
33 50 61 68 109 133
5 42 58 66 74 104 122 141
68 72 73 83 99 107 108 145
2 12 20 27 72 81 83 88 90 92 105 125 126
5 11 18 29 80 109 110 131 141
5 49 57 82 87 88 90 95 99 109 112 120 146
5 23 28 32 41 45 47 78 88 94 109 121 131
10 25 33 59 119 142
32 49 56 68 70 78 91 99 108 113 133
22 27 47 59 67 106 108
5 17 37 53 78 90 93 120 136 147
2 19 20 33 50 68 95 108 118 148 149
3 4 31 40 86 89 107 109 148 149
27 58 64 70 80 97 109 148
4 12 51 64 84 95 110 139
12 84 93 136 138 141
12 25 43 62 69 96 103 109 114 130
17 22 34 44 49 61 74 101 128 130
1 36 39 48 50 54 58 138 147
0 16 76 77 81 91 112 122
13 16 49 80 95 110 126
1 6 54 57 61 62 71 81 85 86 90 134
3 45 55 86 122 131
8 13 14 33 43 115 146
22 33 58 82 86 96 110
23 34 39 65 68 80 105 107 113 123 134 142
13 20 21 54 56 91 123 131
23 35 45 56 59 91 97 143
9 11 76 85 86 89 114 120 146
9 13 17 42 46 72 110 112 133 136 139
34 64 78 88 92 103 146
7 39 41 72 90 146
0 2 8 27 40 65 78 91 98 99 107
1 47 53 63 76 89 113 116 124 143 147
17 28 49 50 88 97 98 106 108 112 125 130
11 21 31 58 60 145
1 10 37 48 49 57 79 84 88 89 93
52 68 78 90 109 112 147
1 5 11 15 25 41 44 48 51 74 81 89 110
3 8 23 45 58 59 86 88 95 101 113 146
2 13 64 89 92 128
21 29 61 68 123 125 131 137 143 147 149
8 19 20 33 51 71 112 116 126 130
12 18 26 36 53 85 91 110 117 124 136 139 141
13 16 53 73 81 92 100 131 133
13 20 28 34 42 45 50 82 84 87 110
9 11 59 64 92 94 116 133 134
5 31 57 66 67 84 95 97 128 142
9 42 43 49 82 109 115 120
10 15 22 81 86 116 119 125 131 149
42 44 47 53 91 109 127
3 38 42 89 91 94 98 104 106 120 134
13 23 45 66 98 100 122 130 138
22 31 35 72 78 135 136 148
39 59 62 105 114 115 124 141
1 18 31 39 41 58 67 98 129
5 40 48 54 70 87 89 127
26 27 32 34 40 83 84 105 126
2 15 33 40 42 70 71 72 96 101
0 54 85 88 101 105 113 133 146
12 14 22 72 81 88 91 95 111 114 116 118
6 15 18 19 27 38 87 98 103 135
4 25 28 35 50 71 85 125
12 24 33 57 75 121 135 146
7 23 24 41 53 54 92 108 113 122 129 132 145
7 30 33 64 69 70 78 87 112 114 141 145 147
11 13 45 46 96 117 123 146 147
49 55 60 64 104 121 127 130 132 140 145 147
3 7 61 63 77 94 95 111 138 148 149
19 21 69 78 80 148
4 18 42 46 52 66 75 131 135 149
14 29 38 60 89 118 141 148
32 49 72 78 88 128
11 26 39 49 55 65 107 109 112 120 137
9 29 45 48 53 54 55 61 71 93 102 123 132
32 33 66 85 106 112 119 129
40 46 78 81 109 139 141
14 25 40 73 75 106 129 130 146
19 29 54 68 70 92 94
16 21 22 33 36 86 97 106 116 119 149
13 50 54 79 81 120 123
1 41 46 106 126 134
1 3 23 42 55 58 101 111 129 137 138
8 12 14 25 29 35 68 75 82 121
3 7 25 30 39 41 50 57 86 103 128 135
42 46 55 63 76 83 99 118 120 133 144
13 15 29 48 66 69 88 89 93 116 120 140 144
29 37 42 44 52 59 61 73 85 93 111 121 135
7 14 21 23 53 74 88 97 118 127 137 146
51 67 78 79 84 89 105 116 117 119 124 128 147
19 28 39 46 55 57 71 125 136 146
19 24 25 27 51 58 66 87 95 97 116 128 131
3 13 24 37 66 68 75 83 119
21 46 47 86 88 89 94 110
1 19 20 28 51 69 82 118 126 136
6 20 27 39 45 65 68 74 89 115 125 130 133
2 17 40 41 49 58 69 143
8 12 21 48 144 147 149
3 4 10 20 39 43 48 53 59 87 114
59 64 68 85 87 89 91 107 119 139
4 17 27 36 55 65 98 105 110 127 128 131
1 19 34 44 50 83 94 100 103 134
14 24 38 76 91 143
9 10 11 31 35 40 53 55 89 137
2 3 7 19 36 45 91 99 112 125 126 136 140
0 5 11 25 27 75 90 95 110 112 133 144
6 9 16 30 53 83 94 96 100 115
13 26 52 68 71 80 99 106 108 114 126 142
17 25 36 42 44 55 83 91 92 94 115 121 133
11 16 43 56 61 78 84 87 90 124 132
26 44 82 100 113 134 146
7 17 20 25 43 57 86 117 129 131 143
3 37 46 95 100 138
10 19 32 36 39 57 82 91 103 107 130
10 13 22 49 51 63 86 103
32 61 67 68 115 119 149
6 50 57 71 124 144
21 35 36 78 100 127
12 18 29 72 80 89 91 116
29 42 47 58 75 147
17 25 35 39 40 43 58 65 98 99 116
0 44 58 61 64 83 96 101 109 112 120 126 141
20 24 28 30 37 39 54 68 88 111 138
32 46 54 66 91 95 97 116 124 148
9 10 13 14 15 51 52 62 107 148
6 8 9 10 54 85 90 100 111 126 133 136
72 74 82 84 118 133 147
14 19 20 21 24 32 37 57 71 74 145
11 19 30 63 68 79 88 104 114 124 136
4 100 129 135 137 140
12 32 53 69 76 96 109 133
11 45 50 58 64 127
9 16 25 42 82 83 100 123 124
48 50 64 81 90 96 113 123 144
40 52 71 79 99 100 112 113 129 137 142 144 146
36 76 90 114 136 143
28 46 59 101 132 145
52 53 62 66 81 82 116 117
5 16 18 69 108 110 127 135
23 27 59 103 123 139 148
3 6 9 10 30 56 65 67 85 87 100 112 123
3 7 12 24 34 41 53 72 98 101 108 122 126
13 38 56 63 64 79 96 105 116 117 139 143
35 86 92 96 112 130 134 139
0 35 74 106 107 110 138
4 6 14 20 82 103 106 122 141 142 144
1 3 67 69 93 95 97 109 120
25 38 50 52 64 65 71 84 87 111 114 134 145
17 22 36 43 60 61 81 86 100
7 13 15 18 33 40 73 118 138
11 19 30 44 57 59 71 84 95 97 100 135 149
0 7 10 17 40 47 52 57 59 67 138
1 21 26 35 52 57 61 63 78 97 99 127 133
2 7 26 31 38 64 78 106 113 137 141 147
23 28 39 40 57 68 72 86 95 98 112
9 14 21 27 37 58 69 79 91 94 103 122 130
8 14 15 32 37 62 69 91 100 137 138
13 25 28 46 60 76 81 96 99 101 111 138
6 31 36 41 45 49 51 62 91 138
1 7 28 38 60 97 116 119 127 134 138
2 3 6 16 17 19 29 79 107 111 123 125 130
29 50 66 69 70 85 111
1 19 42 62 64 70 71 110 122 125 132
14 21 40 42 68 75 123 139 143
10 85 95 96 104 106
25 30 31 44 54 74 80 105 127 139
0 19 24 27 78 98
13 28 30 48 58 83 98 106 129 148
55 61 63 68 70 72 94 134 149
2 18 36 47 50 60 65 76 89 91 103 136
33 41 54 56 77 114
12 21 41 64 73 79 97 109
6 71 84 87 102 105 111 118 125 131 134 137 146
7 37 40 62 72 77 94 95 108
3 25 29 50 55 61 66 88 100 143
7 31 64 74 114 146
17 24 29 32 49 59 63 100 102 139 148
1 17 61 86 118 148
30 34 77 80 112 137
19 51 60 84 133 147
10 18 32 42 99 147
20 52 57 63 69 70 110 134 135 140 147
21 74 88 108 112 121 129
27 38 44 79 81 111 122 128
0 11 14 21 64 81 135
2 18 54 72 90 102
42 58 80 97 118 125
62 67 70 89 110 137
19 36 84 95 101 116 144
11 21 37 38 90 143
37 49 50 54 55 68 72 73 93 95 98 111 149
2 20 30 37 44 56 90 94 103 106 118
0 3 45 53 60 69 122 145
23 41 46 53 57 70 90 107 116 118
18 27 28 44 80 130
18 20 22 24 27 42 57 78 92 97
37 46 77 92 114 127 134 144
6 17 20 21 29 43 49 65 68 90
20 26 32 41 49 52 59 81 88 96 125 128 137
0 9 20 23 98 108 120
30 74 83 98 102 104 105 111 125 137 143
9 15 61 72 78 84 97 104 128 148
2 19 24 33 42 55 67 79 99 110 116 119 128
28 65 72 76 92 133 136
37 53 69 77 88 126 147
12 26 53 74 77 79 98 109
12 27 28 31 44 59 61 67 74 80 107 108 124
7 9 12 13 36 37 80 95 97 114 138 145
15 32 33 47 69 84 94 135
4 57 90 94 98 118 120 130 149
12 32 35 38 82 85 102 115 116 125 127 139 143
6 10 55 62 63 75 97 98 110 136
2 10 18 29 31 37 45 97 119 128
24 25 33 38 41 62 89 94 105 114 125 147
24 49 55 66 96 105 112 119 123
16 45 61 65 97 99
37 38 42 46 56 68 106 109 112 118 133
28 36 65 79 90 97 98 101
35 52 54 63 71 76 79 81 91 107 113
7 15 32 34 41 45 47 75 88 97 105 144
38 61 67 98 125 127 141 149
7 9 54 67 100 106 123 141 147
19 37 47 49 62 101 139
4 10 25 60 85 90 103 111 123
12 24 26 27 38 54 61 66 82 88 114 117 134
4 14 44 48 64 116
10 42 63 90 97 139
48 55 83 89 91 113 115 129 133
4 7 36 43 57 107 133
14 16 21 33 35 51 52 80 107
9 40 49 52 71 92 100 105
17 26 34 43 90 95 117 120 141 147
23 24 35 43 49 72 86 97 115 129 144
3 7 13 25 69 85 124 132 137 143
7 15 26 35 61 80 89 96 106 125 134 142
19 30 32 40 73 82 90 125 126 132 139
26 37 70 79 85 101 127
10 14 84 91 97 101 103 106 108 133 142 148
2 19 20 43 45 55 69 70 81 105 108 124
17 39 41 46 87 120 123 128 130 143 144
24 27 39 55 112 114
8 11 29 131 134 148
1 29 44 54 60 89 108 115 125
5 14 25 36 52 67 95 129 141 148
11 31 35 40 70 85 92 100 104 126 130 135 145
5 29 50 86 135 149
23 26 35 64 94 107 108 113 149
25 47 67 71 79 82 88 135
5 7 12 39 40 57 70 74 75 99 100 103 129
8 12 14 38 41 59 114 115 120
0 5 31 55 76 82 89 92 104 128
4 10 27 28 50 76 97 100 104 126 127
0 2 15 49 53 72 85 88 97 110 130
5 16 19 45 47 56 59 65 70 73 76 77 78
6 69 101 121 125 145 146
11 19 25 26 30 48 52 106 108 126
27 37 52 62 70 84 113
4 18 45 51 67 89 115 131
1 15 17 26 40 42 73 84 87 147
0 24 54 60 72 115 119 136
3 7 24 34 39 72 79 81 92 104 112 137
9 55 61 63 64 120 123 149
11 21 45 49 57 68 73 87 94 141
18 23 24 53 59 73 114 143
20 43 45 57 63 71 92 93 100 119 129 143
1 3 5 12 25 41 58 68 114 116 149
29 45 53 60 69 88 91 113 119 148
43 46 64 65 74 80 86 100 130 136 142 148
5 24 33 36 51 78 82 93 122
2 6 14 57 67 74 75 81 84 109 132 134
30 52 57 62 68 97 98 100 101
6 33 44 72 98 99 111
22 32 92 100 108 115 137
16 21 23 26 31 36 63 87 97 101 105 106 120
4 10 25 32 40 63 81 88 101 134
27 31 33 36 74 97 101 131 133
5 6 13 14 34 35 51 57 64 103 119 122 140
11 19 46 48 67 72 92 101 132 138 141
43 71 84 107 116 125
2 11 22 44 52 68 78 81 90 114 115 127 129
11 43 44 62 74 109 114 131 133
17 28 31 47 73 82 93 137 146
21 32 33 38 50 57 80 90 92 95 115 126 143
0 7 13 24 25 33 54 82 106 141
26 27 30 33 37 59 82 86 100 135
5 17 21 44 80 97
39 60 67 86 92 103 137 144
0 7 36 72 78 89 103
15 16 18 29 33 49 70 71 74 88 96 112 146
11 21 25 30 32 59 92 120 125 128 138 148
13 40 43 46 49 57 77 78 79 83 89 112 116
38 51 54 67 85 115 129 133 141 147
2 6 22 38 74 80 81 85 127 133 149
19 33 60 61 67 89 95 139 148
13 40 51 99 107 117 133 149
4 12 17 25 61 64 71 78 81 128 143
24 81 96 97 104 119 130
9 12 26 27 53 74 86 118 122 139 148 149
13 23 41 84 92 112 128 130 144
12 22 39 52 96 122 123
26 35 42 46 48 49 59 66 77 107 122 148
0 21 43 56 64 98 119 129
46 80 107 109 110 145
1 4 10 55 71 91 101 111 134 136
5 11 13 14 19 26 27 79 104
2 10 11 19 30 42 66 80 104 106 122
8 12 13 34 61 65 69 72 125 148
25 41 111 124 135 140
17 18 47 55 71 79 91 97 131 137
0 16 19 32 41 47 48 85 89 111 112 137
7 30 47 49 56 69 72 73 92 145
7 49 58 59 65 69 95 106
25 28 34 37 41 48 53 72 109 127
0 4 9 22 30 82
48 53 66 117 118 136
12 32 35 45 71 93 118 129 132 142 143 148
13 24 27 50 70 93 103
1 53 70 86 127 130
2 10 14 28 33 82 88 102 125 128 140 144
6 19 57 65 70 79 83 104
9 45 63 70 71 109 123
31 35 37 42 52 69 74 76 120 140 142
10 55 58 67 78 82 89 114 121 137
13 37 66 72 91 99 136
17 27 44 78 85 86 95 127 136
5 7 28 43 51 79 86 149
39 44 66 71 90 108 114
16 22 39 51 53 71 81 111 121 123 142
12 52 60 67 79 85 113 114 115 126 147
18 54 56 61 118 140
4 27 32 101 106 110 111 120 134 135
59 82 93 97 103 110 121 129
11 39 82 93 106 119 125 129 140 146 147
77 78 86 98 112 146
15 23 26 34 70 83
3 23 64 87 98 100 104 107 108 130 139 147 148
7 51 52 55 96 99 112 128 132 138
15 23 36 39 67 74 75 126 149
3 6 25 50 79 81 89 101 132 134 137 141
2 10 62 68 69 70 124 144
31 41 53 57 65 81 89 120
5 36 39 43 126 134
10 33 54 64 69 93 97 99 119 123 131 137
28 36 43 66 76 82 86 113 115 120
8 9 16 49 78 88 92 114 123 126 132
11 39 52 70 84 86 119 122 139 140
6 18 89 141 146 148
5 21 26 30 40 47 58 87 101 111 133 140
14 15 36 38 40 43 83 91 95 109 121 133
2 21 39 50 64 114 124 125 139
1 3 29 30 38 61 77 94 107 111 116 118 147
11 19 20 30 90 148
0 25 33 55 71 93 102 105 108 111 116 133 141
2 4 19 51 64 83 90 97 121 122 129 143 144
11 21 22 33 73 77 79 92 114 122 144
12 28 36 49 79 93 94 103 117 139 146
