9 20 53 72 100 108
19 43 69 84 110 136
14 21 31 67 90 94 105 116 143
2 13 23 45 57 78
13 20 24 66 69 76 80 114 125
2 29 36 51 73 90 97 103 111 114
8 46 66 75 104 114 123 132
18 20 41 86 114 125 140
3 24 30 38 40 41 59 62 73 148
6 22 44 77 98 130 136
11 65 71 93 128 142 143
22 43 87 123 128 130 139
36 80 106 115 116 142 144
4 8 26 52 108 124
12 36 103 117 120 124
12 33 41 47 49 64 68 115
30 39 76 82 116 138 142
14 19 27 50 74 88 90 104 108 117
45 77 82 83 90 95 103 129
18 28 29 39 50 56 63 74 76 77 79 133
21 26 40 44 56 57 66 121 128 135
3 24 25 30 58 75 97 102 115 125 139 146
62 105 108 121 132 148
32 47 48 53 81 104 108 113 115 127 140 145
4 15 21 25 48 70 72 78 87 100 101 114 127
9 12 28 39 40 67 118 141 148 149
9 16 41 57 66 69 84 125 126 140 143 147
2 5 31 87 99 105 111 131 142 145
4 24 29 40 61 88 111 128
12 42 55 87 106 117 124 128 131 132 146
40 54 58 59 93 98 99 102 103 118 128 142
11 38 79 105 114 123 128 141
7 19 69 74 79 113 121 127 132 134 143
1 32 55 68 85 135 146
29 30 33 70 74 91 105 107 127 146
43 44 49 55 57 72 76 120 123 131
6 16 20 35 77 82 87 104 123 132 142 148
2 15 85 98 104 115 122 125 126 136 140 149
41 42 48 54 73 88 92 100 120 122 138
2 33 34 52 58 68 99 105 110 116 129 145
14 28 29 31 36 37 39 53 86 101 114 116 117
4 17 77 104 116 128
14 16 32 40 67 100 147
46 54 66 71 89 128
26 33 36 100 135 148
16 36 104 117 124 135
7 35 47 51 96 117 124 127 136 143 145
40 43 57 92 130 133 142
9 10 11 25 41 92 120 124 127
15 35 51 71 81 102
0 22 27 44 84 90 94 96 116 130 138
7 20 29 33 47 53 60 61 84 86 102
10 18 38 46 64 71 113 115 141
32 54 63 69 70 81 85 127 138 144
2 19 31 46 69 104 121 135 136 149
19 29 37 45 58 68 81 100 107 137 143
3 6 26 30 79 84 94 117 119 134
20 42 60 67 76 81 94 107 115
15 18 42 43 97 100 127 134
15 21 27 46 85 107 122 134 138 143
15 28 30 42 55 60 75 93 105 110 127 140
13 28 44 64 66 67 74 78 88 109 131 135
10 32 38 77 82 84 85 107 113 115 141
28 31 57 104 105 109 141 143
5 19 27 43 46 73 78 101 112 124 136
0 4 36 44 46 86 105 107 148
37 45 53 56 89 111 117
10 34 75 97 103 111
3 10 34 50 70 71 82 99 105 106 108 134
7 28 31 40 58 72 91 101 112 131 140 142
11 23 29 37 40 48 54 66 84 89 114 127 149
1 9 27 44 60 106 121 131 144 148
14 44 71 86 104 120 126
0 4 8 13 21 91 96 98 121 132 135
3 20 31 47 60 80 85 97 138
2 8 10 26 45 55 80 81 91 114 120 127 132
0 36 47 83 89 106
29 49 50 57 88 131 138 139
18 27 33 34 43 46 76 81 106 112 119 125
25 43 53 83 95 98 118 130 144 149
33 66 73 81 110 146
11 70 75 77 107 113 131
8 25 33 41 88 92 96 98 120 137 138 142
2 49 69 70 86 93 103 106 110 119 135 149
15 30 40 41 70 75 97 104 106 111 116 119
1 14 16 21 55 58 74 115 116 117 148
11 61 69 81 129 143
9 10 25 31 33 37 105 119 130
4 13 27 32 39 44 54 64 66 135 140 148
16 30 35 48 72 89 91 105 122 145
3 16 31 40 109 115 117 118 122 125 148
3 6 35 44 55 64 91 94 116 125 141 148
10 13 19 23 61 78 84 96 118 127
5 8 9 20 51 76 111
14 17 25 31 62 100 111 114 122 126
0 14 24 29 34 53 105
24 37 38 43 54 92 136 137 141
0 15 27 28 30 87 99 107 123 127
0 16 17 33 51 57 67 92 104 120 134 145
31 38 42 66 80 81 114 123 124
9 10 16 46 55 56 87
24 26 93 95 100 131
6 10 59 93 105 109 121 131
0 4 34 41 47 73 92 94 103 140 145
10 12 39 66 71 111 135 139
2 26 34 70 71 97 102 104 105 128 129
1 29 32 38 54 61 73 77 88 91 101 119 134
4 43 52 58 95 102 108 110 123 125 133
3 5 33 61 76 82 87 102 127 145 147
8 31 32 45 53 65 74 100 108 110
1 8 54 87 100 121 123 131
5 24 58 59 63 81 93 101 112 115 138 139 148
21 23 42 48 53 62 76 78 97 113 130 139
22 38 76 82 87 96 97 119
11 19 22 48 50 86 96 103 106 112 145
14 18 26 38 45 47 51 54 61 74 79 94
5 6 10 13 15 33 42 43 110 137 144
10 11 23 31 50 75 98 99 109 115 143
21 22 42 49 53 59 64 65 66 115 128 139 143
13 31 38 52 55 57 63 77 88 103 127 129 134
15 37 48 49 66 127 148
29 33 52 74 78 81 85 91 98 101 130 131 139
11 30 36 39 49 51 61 96 104 146 149
27 52 53 72 87 89 120 130
31 38 49 53 78 104 107
9 46 54 59 60 76 88 91 103 108 117 133 141
11 14 25 30 36 74 81 86
25 34 48 62 71 77 78 87
25 39 45 49 60 90 99 115 125 142
26 47 54 69 82 89 100 107
25 36 94 96 101 140 143 148
2 38 59 71 107 143
13 25 34 46 61 62 84 88 101 122 126 131 139
12 67 77 89 94 105 112 116 125 132 135 140
23 66 84 85 92 112 133 141
4 8 21 23 47 61 83 117 146
41 78 84 100 120 124
29 40 50 67 76 88 98 105 114 127 130 133
33 44 46 56 57 101 104 111 123 127
3 27 36 37 44 59 89 104 107 108 118 120
19 51 71 90 100 107 138 146
24 37 103 131 137 138 142
10 25 33 55 57 73 80 107 135
9 37 40 70 71 81 83 117 124 126
7 9 10 15 22 52 53 104 133 140 142
20 32 56 97 113 147
28 38 49 54 56 58 62 93 94 105 138 143
11 32 35 111 113 135 139 148
2 19 22 39 60 141
7 25 39 56 72 78 91 103 116 119 120 123
7 11 27 35 116 118
2 16 38 41 42 53 73 74 126 138 146
2 30 42 90 108 112 118 127 131
21 23 31 52 68 91 96 114 126 134
17 26 54 65 74 81 84 102 142
10 16 65 78 106 109
2 11 41 56 69 80 91 120 127 143
21 39 69 104 130 131 142
7 13 17 44 45 60 64 80 119
5 26 38 60 67 83 115
22 23 30 39 48 54 65 91 128 135 139
2 25 39 41 50 54 61 64 102 123 139
9 10 16 27 31 32 33 61 114 125 131 144
11 17 36 48 60 68 99 104 113 118 132 137
0 8 15 33 48 59 93 121 133 141
3 7 24 30 37 66 81 83 95
4 34 46 49 52 59 64 81 114 124 139 144
0 39 46 65 79 92 96 118 119 138 140
14 54 83 100 106 117 125 144
6 22 36 69 108 124 145
1 12 19 35 39 52 58 67 77 122 132
3 21 23 40 42 66 67 75 86 88 113 148
10 14 15 39 65 69 74 86 107 113 121 146
14 22 43 68 92 98 105 136 142
34 52 62 111 127 148
2 3 6 50 61 74 94 97 104 109 120 125 132
16 29 34 43 47 82 108 126 141
15 16 18 54 83 89 92 94 98 108
53 67 73 118 135 141 143
3 25 32 85 96 111 115 117
31 41 53 55 74 102 111
17 41 55 58 77 89 90 106 123 126 127 133
0 5 26 34 59 63 81 92 106 149
16 40 49 59 63 74 75 82 84 114 119 139 144
14 33 38 65 80 110 124 136 146
5 6 61 63 65 69 73
0 10 14 39 44 83 102 107 110 118 146
0 10 13 26 32 51 57 58 123
28 29 56 57 59 101 112 129 144
2 11 22 40 45 54 56 93 98 108 121 144 149
13 19 24 25 27 29 66 71 103 109 129 133
11 30 39 41 58 61 68 81 96 97 115 118 143
3 5 18 68 81 83 86 100 105 145
1 56 98 110 134 149
16 24 67 91 115 117 119
0 20 46 48 81 82 85 89
45 59 61 66 69 73 119 121
5 17 51 66 72 92 113 114 125 133 143 145
36 38 49 52 68 97 118
28 50 87 109 127 135
23 26 27 58 71 94 129 139 143 146 147
60 74 95 110 126 136 149
6 7 10 12 26 27 55 69 80 116 121 133 140
5 8 22 75 76 84 96
6 12 24 64 93 112 117 148
20 21 29 47 70 71 75 76 78 85 94
1 8 11 46 48 57 98 127 130 142 149
11 12 32 33 84 97 99 102 108 113 117 144
7 16 30 57 81 110 130
0 2 41 44 66 70 100 115 120 129
27 49 53 68 90 91 143
5 21 56 79 106 117 118 125 126 130 134
4 7 17 67 76 91 117 123 130 135 146 148
29 35 38 44 46 100 130
14 58 61 80 81 89 98 111
8 10 23 30 47 105 140
25 34 43 45 56 58 91 114 130 133
1 23 24 91 97 105 115 122
16 43 59 86 133 143
7 15 30 31 50 72 88 98 103 104 118 140
47 62 68 90 104 115
19 37 44 54 79 86 97 110 113 120
3 13 19 24 42 43 92 99 120 125 132 145
20 37 52 60 68 94 103 113 120 127 128 141 142
1 37 38 41 46 78 95 96
19 20 32 47 61 64 98 102 123 126 137 139
2 18 29 48 57 83 93 102 123 142
42 45 50 67 75 87 92 104 128 143 145 147 148
51 61 66 68 88 90 115 132
21 23 31 39 58 91 99 101 108 131 133 135 139
9 10 12 16 25 53 55 91 113 123 132 137
27 42 45 68 82 116 121 126
62 102 109 112 121 129 146 147
89 107 119 125 128 139
8 52 55 71 111 132
3 8 16 21 71 96 107 123 125 130 133 135
35 65 98 109 119 121 145
4 8 10 13 49 69 104 119 126 139
13 21 25 45 50 62 66 79 94 119 142
0 6 9 27 55 57 59 75 85 106 112 117 120
24 29 33 62 85 103 104
11 15 20 25 37 41 80 100 117 122 129 138 145
32 57 62 71 82 96 109 141
2 7 17 43 51 56 58 77 113 117 143
17 26 36 48 59 69 72 73 116 128 142
6 18 20 30 57 71 73 91 92 99 119
35 58 64 87 114 116 138
42 46 55 69 86 101 109 118 126 144 145
31 54 62 66 110 132
15 30 41 95 120 125
18 21 29 40 41 42 71 91 92 103 133 143
2 51 60 62 92 96 117
9 26 40 73 78 109 111 124 133 148
0 28 49 60 79 93 100 103 106 117 147
66 72 81 89 99 104 114 130 134 145
1 4 9 13 17 18 39 73 100 129
10 34 40 78 80 83 105 107 130
29 77 93 95 138 143 146
16 47 65 75 94 97 104 111 133 138 140 149
11 29 37 41 56 57 58 68 73 101 132 136 139
5 13 20 21 38 48 60 61 74 94 133 138
7 10 17 33 54 81 92 106 127 148
16 25 30 35 39 47 86 101 102 108
8 15 55 80 97 103 111 122
12 23 29 43 63 99 104 111 122 128
9 56 68 74 123 130 132 133 137 145
18 44 48 53 60 104 105 143
61 64 67 74 79 86 95
14 48 73 96 119 127 134
29 35 43 54 64 67 84 85 94 101 102 106 137
5 10 58 59 70 94 149
1 3 16 66 80 114 131
25 28 68 93 121 139 147
13 32 41 79 105 112 124 127 138
8 33 36 38 46 63 69 81 85 93 94 135 136
0 2 20 40 57 78 83 84 89 100 109 126
0 18 25 31 42 45 93 109
4 5 27 30 35 87 103 111 116 120 127 145
11 19 20 34 56 82 94 101 112 113 149
25 26 33 38 60 89 94 100 109 121
2 6 17 59 61 73 77 93 105
8 43 46 63 69 111 135 137 142
2 7 14 27 28 33 89 90 98 138 139 143
16 31 52 53 54 71 81 89 118
14 54 56 72 73 82 86 89 119 129 142
36 43 61 71 77 87 95 141
10 13 42 47 62 65 87 91 97 106 109
4 29 30 38 65 71 72 81 89
1 19 21 56 68 76 81 99 104 107
3 18 33 48 57 67 83 97 104 118 119 147
2 26 31 33 41 44 130
2 4 76 85 106 121
7 24 29 32 44 113 134 140 149
19 21 22 35 37 44 47 60 71 93 104
15 20 40 59 100 104
20 34 52 66 76 78 82 85 111 119 137 140
16 43 49 84 93 102 141
6 22 27 49 63 69 73 82 87 97 141
1 9 36 37 40 45 71 83 110 113 126 138
8 20 39 56 66 85 99 113
1 3 4 12 74 100 108 125 134 139
12 13 59 81 82 83 101 110 111 120 126
13 17 30 37 41 47 48 58 65 87 111 123 132
30 75 79 87 97 104 110 116 127
19 31 36 44 70 82 91
1 29 75 95 97 131
0 3 7 26 42 44 66 71 85 128 137
48 54 79 88 112 117
0 45 56 96 126 136
23 61 65 69 114 137 145
0 22 25 50 82 84 89 96 102 107 118 149
11 24 34 45 66 74 89 104 124 137
29 36 42 49 57 96 136 147
2 7 21 30 32 55 106 136
10 22 37 42 47 50 53 87 106 109 113 117 118
4 36 47 62 115 124 135
8 24 45 46 74 108 110 121 122 126 135
3 16 27 30 40 42 47 52 66 107 122 134
17 41 49 61 77 94 95 97 102 103 131 133 136
0 2 69 87 91 101 108 115 122 135
5 7 35 78 87 88 102
4 16 27 29 40 41 48 59 61 67 87 95 140
10 11 17 45 46 50 66 72 98 122 123 124 148
5 28 41 60 82 110
37 53 56 64 73 76 78 100 118 121 125 130 131
4 11 50 82 89 101 128 138
11 17 34 72 108 138
3 25 31 52 69 76 117 144
87 88 104 113 130 142 146
9 28 52 78 89 95 99 135 145
6 24 31 44 65 93 120 121 131 140 141 147
25 42 66 70 71 82 100 106 116 136 141 145
13 23 26 56 58 63 74 78 89 104 121 127 130
7 32 61 71 72 75 82 109 135 137 148
2 10 29 79 90 92 97 113 123 124 142
14 27 85 86 102 114 125 143 144
26 27 107 109 110 129
32 42 51 65 67 72
28 59 64 86 105 132 139 144
6 31 32 33 64 77 92 98 104 106 111 133
5 21 39 59 70 77 89 124 129
1 3 6 17 23 30 45 89 102 108 114 140 142
10 14 66 88 100 134
51 59 60 63 66 67 75 79 85 100 137 140 144
10 19 33 36 45 70 79 83 89 100 118 140
0 7 38 101 118 124 136
18 69 71 83 84 87 97 122
0 5 26 35 36 51 72 79 112 117 131 135 149
13 38 46 54 56 66 84 98 117 119
12 13 26 41 46 75 86 96 102 104 136 143
6 25 34 36 46 71 100 107 125 136 142 144
12 46 47 54 117 128 140
12 19 21 26 30 55 72 76 92 131 147
1 17 41 50 53 67 107 114 143
24 26 34 41 56 70 96 103 110 129
9 49 55 64 66 84
18 21 57 67 76 80 86 99 104 119 146 147
9 28 31 35 48 105 117 141
8 30 31 65 75 128 143
19 32 37 49 51 63 65 72 115 130 145 146
36 63 67 81 87 113 131 143 147
11 20 39 43 44 47 49 76 114 118
12 31 40 46 51 68 69 84 89 95 116 137 141
0 9 11 18 63 65 74 80 97 101 115 132 133
2 7 21 48 50 65 82 83 95 103 106 116 132
28 42 47 85 98 125
3 12 25 41 48 50 58 84
0 57 62 71 84 93
41 62 66 75 95 103 115 147
31 41 54 60 85 119 125 130 146
7 13 21 40 76 117 123 124 128 129 137
13 30 52 60 104 143 149
6 17 39 48 51 68 82 83 92 93 143 146 148
16 51 60 63 78 111 121
1 29 35 40 55 58 87 110 137
8 12 18 32 33 60 82 97 103 147
34 45 54 55 59 60 80 85 119 131 140
22 43 61 62 93 98 125
70 78 95 108 130 133
0 8 22 34 40 54 60 61 69 75 78 103 120
17 21 27 36 48 52 77 104 107 115 123 131 138
17 21 48 51 82 88 99 107 128 130
2 20 23 59 79 82 91 97 100 113 145
21 39 46 78 93 97 122
20 21 64 68 71 98 101 129
9 11 17 26 37 38 59 72 81 88 104 117 133
12 25 26 35 64 91 110 112 122 131
1 8 17 47 53 98 103 115 135 144 147
17 20 55 66 96 99 110 128 131 140 149
4 38 47 58 92 94 111
23 64 73 79 86 100 112
18 22 39 85 107 133
1 33 43 49 74 79
29 30 36 42 56 96 116
6 14 35 39 49 95 96 100 111 128 130 148
30 46 49 56 70 78 111 117
8 28 29 45 59 81 87 122 146
15 26 44 49 60 83 93 116 119 131 135
24 35 37 49 98 112
0 2 44 50 58 68 90 125 137 145 147
0 6 10 23 27 52 80 98 137
3 21 31 38 42 46 47 73 85 87 90 91 100
13 38 92 119 120 130
41 43 52 59 67 77 101 110 112 133 136 140
42 117 118 122 127 128 136
7 24 31 42 49 56 65 105 119 129 144
23 47 50 54 75 87 98 99 102 127 128 139 140
16 32 35 40 43 47 55 56 99 104 138 140
7 48 54 65 75 84 98 104 145 148
17 22 24 31 40 123 124
3 22 32 88 90 138
11 19 69 78 126 142
18 35 55 64 77 80 126
13 14 15 45 52 67 79 136
6 11 21 31 46 63 66 95 117 122 137 140
33 37 51 53 60 67 98 102 118 129 137
11 20 23 37 71 131 133 149
11 13 28 45 69 70 89 114 126 136 143
1 4 12 49 53 97 112 122 132 134 147
3 52 101 122 130 147
0 2 62 64 73 76 86 91
17 40 46 54 70 106 107 108 109 123 128
15 21 31 43 70 74 85 131 138 149
1 17 34 47 107 113 120 139
3 10 45 73 74 148
26 35 43 51 60 70 72 83 86 105 114 116 131
15 17 53 79 82 84 106 116 130 149
8 18 41 93 129 133
8 30 49 61 68 103 115 127 137 139
15 20 49 58 66 112 125 147
14 36 41 43 80 87 89 110 125 128 142
21 77 93 103 114 127 129 145
15 49 52 59 69 96 97 116 123 127 143 146
21 46 69 89 99 111 113 118 122 144
37 50 52 59 70 121 129 130
0 9 28 44 51 56 62 79 82 85 106 107 125
0 26 62 83 95 97 143
11 14 20 48 55 86 90 97 102 110 124 144
31 50 51 54 58 91 92 117 128 132 134
38 60 64 97 130 136
0 1 3 58 91 119
18 42 54 64 94 99 117
19 90 106 110 133 140 144
27 28 32 48 57 69 77 80 119 144
16 60 61 92 101 108 120 140
11 17 29 44 46 48 68 74 84 86 89 141 142
12 13 32 83 97 102 148
14 17 24 47 77 90 93
13 44 48 55 75 119
4 5 24 26 48 62 75 98 102 113 125 130 142
0 33 38 46 97 98 112 122 133 142 149
5 11 15 96 106 134 139
4 33 39 62 66 68 80 94 101 108 137 141 142
19 32 52 84 91 109 137
0 33 67 85 91 110 131 141
16 18 32 33 51 96 110 115 117 119 135
6 11 31 39 53 80 138
13 38 46 55 82 84 92 99 104 112 120
10 49 65 105 112 127
0 23 41 42 71 76 87 92 96 98 135 140 146
30 55 86 89 106 114 126
8 32 34 37 74 84 94 97 98 107 123 132
36 71 87 90 100 111
35 52 59 90 108 132 147
11 31 61 74 86 116 128 132 134 135 137 145
4 21 61 73 74 76 83 89 123 125 134 136 146
2 7 13 29 30 32 43 77 97 116 117 119 127
5 7 39 52 59 94
59 66 74 85 97 105 106 116 121 122 132
1 15 42 48 60 84 88 103 106 133 135 145
20 28 33 70 82 109 113
22 33 41 45 69 91 100 101 110 132 134
25 29 30 40 66 75 103 108 135
1 16 50 80 87 122 126 130 135
36 45 49 57 65 89 90 107
0 4 12 23 61 79 91 125 148
28 47 53 61 90 111 132 147
4 6 17 24 25 36 50 65 72 83 118 131
3 12 16 31 49 53 71 73 89 96 97 120
7 16 19 22 32 40 48 56 60 96 116 132
29 48 63 105 126 130 144
17 35 44 69 70 87 88 89 100 106 120 138 149
0 9 22 102 103 110 119 139
48 51 73 87 90 123 138 143 148
47 66 80 94 102 119 121
20 40 51 67 80 149
2 4 18 20 65 76 86 98 103
1 13 14 19 24 29 34 42 47 70 89 118
15 16 19 31 64 68 71 72 80 86 130 131 135
3 7 9 33 50 61 73 84 94 96 135 145
2 4 13 17 33 35 121 131 133 140
0 8 27 30 84 93 119 128 137
14 20 27 78 79 85 97 101 106 136 140 143
2 6 13 19 25 26 33 115 116 147 148
5 10 26 37 38 39 48 53 56 96 99 114 122
34 56 78 79 81 89 90 115 137 143 144 146 147
19 30 35 48 54 57 87 119 136 139 146
11 19 49 64 72 76 78 81 115 125 138 143 144
10 37 67 74 94 99 114 127 140 142
2 10 16 18 22 26 32 38 53 61 93 128 130
5 8 17 28 56 62 72 110 128 138
4 31 35 53 67 70 88 95 98 105 122
1 9 23 32 34 76 102 122 126 138
9 15 18 28 29 39 43 67 90 112 113 128 134
3 77 90 91 99 102 113 124
7 21 24 36 44 55 70 84 89 112 113 122 132
13 19 33 35 110 115 121 142
0 3 11 16 25 79 88 89 96 97 107 144 147
42 71 87 106 113 118 132 138
12 18 31 45 77 79 107 121 125
21 46 95 96 100 112 136 145
76 93 96 103 138 141
7 8 16 32 34 35 40 51 61 85 109 131 134
7 18 21 27 44 57 62 73 78 91 97 109
42 48 52 81 95 120 124 135 145
9 52 62 70 75 92 99 138
7 11 19 39 40 47 65 107 123
18 33 38 42 43 63 97 116 122 123
1 2 4 34 49 78 85 96 115 123 124 125 129
21 57 97 99 102 104 106 112 133 147
26 45 55 58 66 101 107 118 135 137 140
20 40 75 91 113 118 128
0 23 26 32 135 143
4 18 22 43 65 86 99
13 32 51 55 66 80 82 86 98
0 27 36 62 64 69 106 124 132 135
14 21 50 81 114 123 128 133 139
16 26 39 43 54 88 94 115 116
26 57 78 84 102 108 112 120 124
5 14 15 24 35 38 42 101 103 106 124 129
0 7 19 24 30 39 49 66 69 77 82 89 140
17 19 22 26 64 67 74 85 91 95 106 108 136
3 13 43 74 81 98 119 122 125 129
0 1 24 52 55 58 103 112 118 120 145
6 48 51 70 92 97 119 124 131 136 147
1 8 19 37 90 107 128 139 140 142
1 11 63 91 102 120 126
13 23 26 42 69 85 91 103 114 125 138 142
5 27 29 82 83 97 133
4 25 39 40 64 66 89 99 101 107 141 149
0 9 17 41 46 78 93 96 99 101 115 129 139
24 27 43 49 81 102 109 115 145 149
17 43 52 58 85 125
2 6 20 30 43 53 75 81 85 96 104 120 149
43 45 55 66 105 106 125 137 146
6 7 21 29 71 86 98 120 127 132 139 142
14 21 23 31 43 54 56 80 81 103 126 127 148
2 58 67 92 97 123 148
0 18 47 58 62 64 71 86 92 93 97 144
3 10 22 27 34 40 60 64 81 87 142 147
1 2 45 57 58 60 90 100 142 146 148
3 6 16 93 116 132 140
7 31 78 79 103 113 134 139
3 8 21 35 45 65 93 101 109 113 119 126
1 5 7 14 28 32 84 104 118 144
11 36 61 65 97 107 133 134
11 36 41 90 120 140 143
5 14 21 48 51 71 104 114 131 143
0 9 17 27 46 73 79 96 108 110 121 136 142
21 32 54 68 75 86 98 103 124
31 69 87 93 102 122 131 137
7 19 28 48 58 59 61 67 69 80 90
29 31 44 50 53 75 81 95 111 112 135
19 25 41 49 69 70 73 140
2 7 40 41 43 78 89 102 107 111 129 141
25 27 41 55 76 87 96 104 108 133 149
30 39 46 47 93 145 148
2 62 66 68 75 77 85 91 112
8 33 35 78 115 128
35 71 73 96 125 138 141
23 28 40 45 65 68 82 89 106 112 118 149
28 56 58 88 95 103 115 134 138
3 18 66 68 89 117 123
13 15 16 73 75 83 87 91
3 9 51 56 60 78 82 86 102 131 141
1 4 58 83 98 110 136
5 11 58 67 70 80 90 97 127 140
13 32 58 83 101 117 128 129
6 10 17 32 54 82 83 104 106 135
13 21 24 32 40 45 59 82 95 102 137
24 45 53 67 74 84 93 105 108 123
3 23 47 60 83 89 105 136
0 46 59 64 66 78 80 85 124 134
4 6 23 29 58 59 66 68 72 123 125 138 148
8 25 28 33 48 57 67 68 69 104 110 112 144
5 40 51 75 117 139 149
2 13 32 44 55 78 83 86 106 144
7 14 41 79 92 107 132 144
19 56 64 93 102 116 126
3 31 42 84 121 124 146
19 23 27 33 54 59 65 72 92 105 112 118
9 12 41 77 136 143 144 148
67 70 71 74 107 108 112 115 142
23 70 79 81 97 110
35 61 72 107 124 147 149
2 4 22 86 96 125 141
11 16 35 75 109 126
35 51 57 65 78 80 85 90 108 114 115 117
5 30 32 33 87 103
10 34 46 52 87 100 124
7 9 41 60 72 73 82 92 121 147
3 9 32 40 44 82 100
27 44 81 83 87 98 129 140 143
32 42 53 57 60 63 64 66 67 87
18 43 62 70 117 135 140
4 18 26 28 55 66 68 69 105 113 129 133 148
1 53 62 68 82 87 89 99 105 112 117 144
1 10 18 36 59 60 112 125 132 133 142
3 10 34 36 42 43 77 82 119 134
1 8 10 27 44 55 65 87 95 101 134 137 143
1 4 45 49 71 73 75 96 104 109 114 147
2 8 15 30 55 62 63 77 78 101 104 130
11 23 31 51 56 60 85 143
20 42 66 76 85 92 93 124 144
24 27 29 49 74 87 110 124
8 40 73 92 99 116 120 123 135 149
2 10 11 26 44 68 78 88 108 114 133 134
12 17 43 55 56 59 81 104 106 110 117 139
19 22 27 45 54 89 145
3 7 9 14 40 61 73 89 91 141 144 145 148
12 19 51 53 58 64 97 107 134 142
8 29 31 42 91 125
3 12 24 87 99 111 114 122 130 144 149
45 73 89 91 96 116 135 141 148
3 23 39 41 58 73 87 104 111 119 121 139
13 26 67 86 97 138 147
3 26 35 36 37 68 77 97 108 115
6 18 22 45 47 54 61 79 98 141 143 147
7 9 22 40 53 83 90 119
5 8 10 13 33 38 43 66 86 88 91
42 54 89 107 112 121
0 1 2 23 75 76 82 85 88 106 119 127 130
0 6 7 22 36 57 83 108 111 118 140
11 16 20 21 51 69 94 135 141
14 21 35 40 41 128 149
23 46 48 53 56 77 91 92 100 112 115 133 149
33 49 68 70 72 81 101 108 113 116 128 147
6 16 20 30 52 54 68 106 109 125 128 136 140
11 22 45 47 52 54 73 89 100 118 139 144
18 32 78 106 124 129
14 23 38 52 94 102
23 27 30 36 53 55 91 107 108 122 138 146
2 47 57 92 99 133
5 9 25 31 61 79 90 126 129 138 145 146 147
5 13 47 50 65 73 75 91 111 113 135 138
1 71 80 90 115 130 141 148
5 10 20 53 68 78 113 114 115 119 127 144
27 62 72 92 108 113 137 146
25 33 35 48 111 114 122 128 143
2 16 36 69 78 82 109 132 136 148
2 11 19 22 52 63 66 74 93 106 140 142 145
3 17 56 58 84 106 123 126 146 149
20 21 28 104 108 109 112 138 139 145
8 12 19 21 27 47 90 96 110 125 145
25 32 39 46 128 149
18 38 54 55 63 64 89 108 111 112 134 146
47 78 79 88 101 102 103 115 120 123 125 149
27 84 85 87 94 113 122 126
41 66 92 98 101 104 116 124 147
10 24 33 53 55 65 76 86 106 113 121
1 10 25 45 59 79 80 83 84 124
1 5 9 15 16 52 64 85 90 97 106 108 149
0 1 13 17 47 67 69 72 85 90 105 120
53 72 108 110 120 124 136 145
22 24 66 89 91 100 110 113 139
71 76 93 95 104 116 119 124 139 149
22 23 37 40 46 49 52 61 79 108 117 142 148
6 11 33 68 121 135 145
0 3 38 39 40 56 64 71 88 93 95 109 140
5 26 27 112 115 117 143
6 29 54 114 115 143
20 44 48 51 60 106 117 136
14 17 22 35 36 42 62 91 120
2 15 16 24 29 46 49 72 77 112 138 146 148
1 8 25 79 88 134 148
2 28 59 64 94 110 119 135
18 31 54 68 96 112 121 130 131 136 139 144
4 8 13 27 53 55 64 68 127 142 148
13 16 20 41 43 63 100 119 129
10 34 55 73 93 111 136 147
52 56 64 68 83 95 101 107 109 129
5 29 39 40 55 61 75 101
12 48 49 54 65 77 94 113 115 140
5 64 72 75 108 139
1 7 15 38 52 70 71 89 105 108 117 143
2 7 13 14 48 50 73 85 119 126 143 144
13 17 99 134 137 149
24 62 72 118 136 148
19 42 49 53 69 95 143 146 147
35 80 94 97 99 121 144
37 45 57 63 64 70 78 82 95 100 116
20 33 52 65 90 107 127
5 6 7 17 51 56 61 71 76 131 135 144
34 45 51 63 89 93 97 115 134
57 66 76 79 87 91 97 101 105 119 136 142 147
13 43 47 63 65 74 92 111 115 137
44 47 71 84 100 117
54 57 63 71 79 113 124 126 136 141
21 59 72 77 78 121 124 145 146
9 17 52 65 85 87 88 98 104 108 129 141 148
48 68 83 100 112 119 121 123 133
12 25 33 42 52 61 77 79 86 125 138 140
8 30 55 59 62 83 101 113 122
4 30 43 53 54 72 88 101 115 130 144
4 37 58 63 92 149
4 6 12 18 42 50 74 91 107 111 120 132 136
18 20 46 55 76 84 92 94 103 111 121 123 129
2 21 22 29 35 39 47 53 80 86 124 146
18 46 47 62 101 118 120 131 145
31 34 45 47 51 76 83 84 111 113 122 146
6 12 48 88 131 142
26 32 44 73 80 87 88 92 116 119 122 141 147
26 30 34 47 58 70 75 76 115
17 22 26 29 30 52 68 88 108 125
13 21 23 40 60 63 77 83 133 142 146
13 18 60 65 66 84 101 104 109
4 6 13 35 49 58 61 63 68 85 96 130
4 7 13 26 47 57 91 92 95 109 138 146
13 34 56 58 64 80 84 149
15 22 44 70 71 77 84 93 142 147 148
10 39 46 81 87 109 121 128 147
13 20 25 45 49 67 68 89 91 104 142 144
3 8 34 71 75 77 120 139
31 40 96 98 99 120 128
20 22 25 53 85 88 109 111 116 125 148
5 11 46 58 97 100 107 129 143
17 33 52 69 71 79 109 115 124 143
10 11 27 47 63 85 92 119 122 130 147
9 16 38 39 45 48 51 55 60 87 96 113 118
7 19 42 46 47 82 88 91 102 104 117 135
33 56 75 76 81 91 93 105 143
5 6 27 28 37 38 51 75 87 111 115 132 144
16 26 37 39 59 75 78 81 82 117 125 128 146
6 40 55 68 90 104 122
5 23 24 45 60 93 121 137 141 146
1 9 12 25 35 41 53 72 76 77 96 111
18 46 51 54 91 94 104
8 41 43 58 66 105 109
1 44 47 52 66 79 99 134
20 26 59 61 66 70 73 81 103 122 145
6 26 27 34 46 57 79 94 101 112 123 127 139
0 6 8 12 24 55 60 70 76 82 107 144
38 40 51 84 117 133
62 68 69 73 89 90 116 136 139
9 17 23 34 39 60 99 125 140
8 20 82 83 108 110
22 70 87 101 102 109 127
7 41 61 90 92 108 114 139
17 40 56 59 122 140
35 53 65 68 79 82 98 114 116 121 132 147
22 33 44 51 78 98 132 133 143 144
1 8 23 78 88 116 128 144 146
22 32 47 54 100 103 109 128 136
13 40 49 59 77 80 93 103 124 146
5 11 24 26 42 68 80 85 97 100 112 131
27 29 34 37 49 73 77 92 95 118 140 147
11 37 65 70 94 99 108 115
0 11 21 35 47 49 71 120
41 46 65 89 138 148
40 69 88 105 119 130 135
25 31 34 45 46 60 99 108 140 142 148
4 68 118 123 130 132 140
0 10 15 19 21 34 50 60 67 79 100 116 136
8 10 63 99 125 144
11 16 34 73 75 86 103 112 130 131 143
43 45 49 77 91 92 102 103 114 120 127
5 7 16 22 55 84 99 106 108 131
0 6 18 35 43 53 70 71 110 117
2 6 32 60 77 88 102 146
43 46 50 54 56 76 78 81 98 110 131 144
9 13 36 71 90 118 135
17 27 30 42 61 64 68 79 96 138 140
2 6 17 19 25 54 69 74 100 120 132
36 37 52 54 89 135
7 15 39 48 51 52 53 60 83 92 111 124 128
32 61 65 98 107 147
8 20 58 62 115 123 124
19 32 62 66 67 72 75 80 84 108 117 123 131
4 17 20 30 80 105 127
2 41 77 106 116 131 140
7 8 31 57 67 119 124 126
13 23 43 78 95 108 129
11 20 23 29 44 97 102 105 132
10 40 47 66 105 109 141
5 6 32 57 105 112 142
22 26 64 87 106 135 144 146
15 80 99 101 125 131
19 38 50 62 69 84 98 114 125 127 134
60 111 119 122 143 149
6 23 31 49 58 72 93 103 104 114
23 30 55 63 93 94 119 140
22 25 37 64 69 74 84 88 93 103 118 121 142
17 18 34 59 68 76 91 104 124
18 23 33 69 82 94
2 7 28 44 45 47 65 76 84 90 117 132 138
21 25 45 48 68 95 115 125 145
0 14 20 41 47 55 61 62 67 113 135 141
10 12 24 40 46 57 58 59 69 81 84 90 133
26 37 66 89 108 111 125 129 133 134 135 140
5 43 51 67 70 80 85 95 101 117
9 12 22 56 70 86 96 121 127 133 135 137
9 53 65 91 121 137
15 27 46 48 87 91 98 100 129
27 40 45 50 51 59 64
9 18 60 82 93 102 142 146 148
45 67 73 94 111 116 133 136
29 30 85 89 101 112 118 122 124 131 134 141 149
6 38 73 100 103 107 109 135 138
2 5 21 32 34 39 42 50 54 85 99
1 13 16 25 41 43 54 59 85 138 144
21 37 41 69 85 94 138
4 26 32 37 54 88 92 116 143 145
54 60 90 95 110 121 136 149
23 38 54 59 64 74 80 104 116 135 139 141
30 34 41 50 65 69 78 91 99 122 139 144 145
12 27 28 39 61 63 76 78 90 95 142
8 20 21 30 70 82 104
10 11 16 39 46 57 69 71 97 110 124 141 148
15 25 38 60 97 133
21 26 35 52 68 103 146
48 61 68 73 93 112 124 128
10 41 47 54 63 65 68 73 76 101 143 147
7 13 21 25 26 44 46 48 54 58 59 85 115
1 3 9 79 84 92 96 110 118 141 146
1 6 15 29 97 114 131 132
27 35 41 43 55 62 73 96 126
78 82 93 97 110 114 116 133 142 146 148
37 51 62 65 85 113 116 137 149
16 55 64 80 83 114
8 31 33 44 95 118
20 41 50 66 84 130 146
21 38 64 71 72 95 120
14 20 22 48 51 84 91 131
15 28 38 41 45 47 53 60 71 88 94 141 149
2 7 23 27 48 71 98 123
8 11 31 38 42 45 51 59 86 88 111 128 133
17 70 74 95 97 103 106 146 147
35 40 43 69 112 120
2 10 28 36 37 49 86 111 112 116 121 145
4 27 31 34 41 48 103 115 136 149
18 25 35 77 84 88 112 126 130 141 148
5 13 21 43 69 80 96 121 122 143
10 21 56 64 67 68 89 91 112 113 124 143
5 13 41 57 65 68 71 78 93 102 113 117
17 34 48 55 77 79 84 120 129 132 140
4 5 12 23 61 69 78 81 97 108 114 118 125
6 8 18 31 35 36 37 39 102 142
0 1 26 47 48 52 73 81 83 97 101 105
5 18 20 32 41 92 107 125 148
12 33 57 61 76 82 94 103 118 124
11 17 50 75 77 80 119
0 24 45 58 66 78 83 96 106 134 137
15 30 49 72 79 83 110 148
9 59 79 83 105 108
27 40 65 69 80 82 102 115
14 29 59 72 105 116 118
22 37 69 89 92 103 135
0 46 57 63 74 96 108 113 114 121
29 53 86 89 103 148
4 9 71 100 101 126 132 145
1 16 73 79 86 94 123 147
18 53 56 57 89 93 95 96 112 113 135
5 12 20 24 27 31 57 61 65 77 115 125 126
30 43 53 59 64 95 99 102 145
16 32 35 78 85 123
22 25 37 38 68 72 102 121 123
7 31 54 94 137 144
5 10 19 24 29 36 39 41 74 83 110 134
4 54 115 139 142 143
18 55 79 106 139 141
7 25 27 30 39 47 59 62 117
7 40 42 62 67 94 97 114 118 133
5 10 15 35 36 44 60 63 83 110 117 131
16 24 39 49 122 124
33 36 37 137 143 145 147
44 47 62 85 87 102 103
45 88 89 94 111 126 127 135 144 148
4 67 75 115 121 138
5 11 30 41 69 91 96 97 110 147
19 25 35 45 83 85 135
2 16 30 48 51 60 67 85 86 103 117 122
8 12 26 42 51 65 90 95 103 119 124 138
15 26 32 84 105 148
14 31 57 92 93 97 142
15 27 60 62 82 100 111 116 120 139
23 42 99 101 126 146 147
8 22 53 88 121 139
38 49 54 71 94 100 104 106 133 148
17 48 49 56 68 71 91 93 124 130 131 148
14 17 26 76 77 79 88 92 111 121 134 144
1 28 57 75 77 94 97 110 125 130
22 24 27 52 71 81 109 122 131
3 31 46 48 50 51 89 95 135 144
8 38 61 75 91 102
8 20 35 40 53 66 72 94 118 136 137
1 29 49 53 80 83 97 127 132 140 143
3 4 39 50 76 85 92 110
2 26 62 77 80 97 117
22 45 50 56 63 65 71 81 96 122 140 149
0 1 18 33 34 35 43 50 74 80 81 114
2 61 66 76 82 89 106 119 130 134 144
6 7 12 22 26 35 87 105 121 131
18 36 53 55 120 127 132 140
3 16 30 37 52 54 58 71 78 80 98 128 133
29 76 81 82 99 118 121 130 134 142 149
3 28 34 47 65 68 82 111 126 137
1 20 30 31 38 41 58 72 135 139
5 9 43 45 55 60 69 72 73 93 117 137
28 43 63 70 77 102 133
9 13 36 63 80 83 98 103 118 120 148
4 20 36 83 87 95 115
15 29 33 49 92 110 111 137 146
17 23 32 45 71 82 87 114 116 141 142
13 47 54 61 95 102 133 136
23 62 69 73 104 118 123 134 149
39 53 57 61 69 76 121
16 58 71 73 85 94 95 96 99 138 139 145 149
36 39 98 107 128 142
36 37 55 69 83 111 129
0 26 60 86 92 94 96 97 100 112 122 149
22 45 60 61 71 84 96 108 122 126 132
17 28 55 71 110 136
29 31 38 40 56 58 60 78 109 122
13 23 32 40 66 71 95 113 122 133
43 44 60 71 73 92 96 98 106 112 120 135
4 20 39 58 88 97 107 119 131
22 46 55 58 86 102
0 2 3 13 16 19 26 55 74 93 97 108 142
14 25 29 50 107 145
19 43 49 55 74 107 120
10 37 44 50 55 57 67 79 88 125 126 135 138
24 25 38 61 81 83 90 95 115 117
7 10 32 38 54 89 94 145
23 36 44 59 73 82 95 99 109 118
29 31 46 68 79 135 140
15 34 46 74 107 129 140 141
16 49 68 74 96 131
4 9 21 23 24 53 60 68 74 85 102 124
2 8 13 32 33 44 66 99 108 116 123 145
30 43 52 63 66 136 139
1 56 69 77 94 133
12 46 75 97 108 121 128 134 141
9 19 33 74 86 93 106 108
51 53 66 89 95 96 97 101 129 139 141
7 13 28 64 111 138 143
3 38 70 76 82 110 149
13 23 24 54 55 99 102 107 130 132 136 138 143
2 19 34 35 51 53 66 104 123 132 135 136
13 41 43 46 70 75 87 93 109 119 132 136
0 39 58 61 66 69 101 109 121 130 144
19 43 80 91 109 130
22 54 56 79 80 100 104 121 127 136 143 147
6 29 45 47 67 89 117 119
2 12 35 46 91 123 139
4 22 27 35 44 50 94 96 98 119 143 148
4 8 11 16 41 65 69 72 90 110 114 138 145
12 28 37 62 63 80
0 35 58 64 73 93 96 102 108 112 115 145
51 62 71 84 85 87 88 90 94 127 136 139 146
18 34 79 89 112 114 121 139 142 146
7 25 37 54 55 74 75 107 114 131
6 45 47 62 90 108 110 113 114 135
1 16 33 63 73 85 97 124 131 143
1 4 9 13 18 21 22 56 58 90 127 129
23 26 35 40 108 118 141
28 35 38 52 61 64 116
12 25 32 72 101 112 121
8 22 32 37 44 60 68 70 88 90 128 148
3 4 14 24 51 52 81 86 102 120 122 145
22 34 55 70 91 102 105 106 134 144
0 7 63 76 88 103 105 110 114
23 31 49 55 97 111 142 148
7 31 65 67 94 96 102 116 132 141 144
9 23 44 52 65 70 108
1 8 38 67 68 74 86 87 120 137
19 20 56 62 66 92 105 110
17 23 37 38 44 79 95 103 129 143
34 42 50 56 63 70 105 110 116
5 9 10 37 42 65 69 80 96 118 134 137
9 35 103 104 111 116 122
46 100 103 106 134 138
0 5 8 28 32 37 46 61 67 108 133 146
28 48 65 76 134 146
24 26 27 57 65 69 86 103 114 128 137 141 145
16 47 59 89 96 103 124
46 54 60 61 94 110 113 123 126 128 141 149
80 113 116 123 131 144
9 23 32 36 39 41 50 58 97 109 112 122 147
22 35 53 59 61 65 77 83 112 115 121 122 135
15 52 69 80 108 138
0 4 12 15 21 25 51 76 88 94 106 119 145
29 60 90 97 99 130 141 147
2 14 17 20 27 30 34 46 105 114 117 122
33 46 48 84 110 120
44 45 69 75 91 136
14 24 44 47 52 60 78 81 116 124 125 127 149
0 28 40 59 81 91 104 109 115
4 7 9 20 42 65 78 102 121 124 149
14 26 65 85 128 145
32 34 55 61 73 78 81 91 100 123 125 130 141
