2 7 10 38 46 47 48 49 53 55 110 119
21 34 36 87 88 126 132
27 62 70 82 97 120
19 32 66 74 79 100 101 116
15 17 30 41 67 72 92 104 116
18 30 36 43 56 59 69 95 111 133 141 149
0 11 22 27 56 58 65 74 103 104 144
18 30 32 64 65 78 88 113 134 138
12 14 20 44 71 84 98 126
33 55 56 65 75 76 103 111 117
8 23 30 41 63 74 86 91 94 95 105 127 135
7 9 24 44 60 71 81 87 110 115 148
0 11 24 29 50 56 63 76 77 79 90 95 136
16 28 29 80 97 127 137 146
19 70 78 79 83 85 86 105 107 110 126
6 10 12 24 26 27 32 40 50 59 62 139 142
14 23 53 55 66 81 95 143
20 28 58 94 100 107 110 133 137 141
10 24 58 60 65 69 95 96 98 124 126 127 135
4 13 29 30 110 133
15 18 25 53 84 93 100 102 148
0 20 21 31 64 66 74 91 100 117 124 125
11 22 54 65 92 109 121 139 144
6 8 15 22 31 34 42 109 125 147
22 38 47 75 79 89 94 117 123 127 132 137
5 9 16 83 86 104 117 134 141 143
2 10 20 41 46 50 57 69 81 114 117 118 124
24 53 61 86 92 98 116 138
1 7 8 20 39 87 101 113 115 118 120
1 15 22 54 63 80 92 122 125 132
15 28 31 46 64 103 110 121 125 127 128 132
13 25 29 61 62 80 135 144
16 32 42 50 62 85 113 125 138 143 148
0 54 73 86 116 118 126 143 147
9 17 26 29 41 49 57 61 109
17 27 35 52 55 72 91 104 121 123 132 137 141
7 16 59 115 123 128
10 32 39 44 46 48 58 66 69 82 89 95 102
1 12 16 42 101 104 120 148
3 23 24 39 49 69 73 94 101 114 138
0 12 23 32 37 65 77 82 92 128 132 147
6 14 23 67 69 80 104
8 20 43 48 51 60 134 138
6 28 34 55 58 59 70 72 97 105 128 129 139
13 41 65 83 85 100 112 143 147
1 6 12 23 25 30 52 75 117 132 136
4 12 20 62 69 95 107 112 121 124 129 148
16 30 47 66 80 100 103 110 119 138
47 55 77 82 84 87 108
13 23 40 47 80 84 88 137 138 146
25 28 32 69 70 84 92 116 117
8 31 37 38 42 57 73 76 88 89 116 124
45 66 77 82 98 105 113
16 27 32 33 73 77 83 92 128
33 48 79 102 107 114 118 136
11 14 47 59 80 89 97 102 108 111
29 65 66 72 81 109 130 134
29 34 92 108 109 121 123
24 46 72 80 93 102 125 129 133 141
40 47 49 55 65 70 90 113
5 8 19 45 54 73 78 87 124 135 146
10 14 31 58 65 68 104 105 106 112 137
4 28 35 57 60 69 81 112 136 144
11 13 19 35 43 44 51 73 112 113 120 122 136
4 12 17 45 54 66 73 80 112 119 120 144
0 2 13 65 110 147
20 24 46 66 103 119
3 11 54 64 78 80 88 113 120 138 149
15 31 39 72 77 78 80 100 122 149
1 28 30 88 96 126
10 11 27 30 36 39 58 65 71 90 101 119
10 25 40 63 65 69 117 135 137 143
22 29 42 76 80 88 96 114 121 134 135
21 27 31 34 102 114 118 121 144 149
11 18 39 41 62 70 74 78 89 121 122 144
13 16 30 32 46 58 60 93 129
15 48 55 73 85 106 112 121 128 149
19 41 45 50 103 129
4 7 10 30 33 45 64 74 105 120 127
12 52 87 90 101 115 122 123 129 132 137 149
3 9 13 16 20 37 55 62 107
28 35 65 72 87 119 138 139
11 58 82 92 126 136
33 63 67 72 86 88 105 113 121 145 147
4 10 58 66 77 142 145
6 11 18 28 64 87 89 95 113
12 33 35 39 55 59 70 73 118 119
4 41 47 70 71 89 91 111 124 136
4 10 25 45 49 62 72 84 132
32 34 39 51 55 67 103 130 142 144
1 22 24 30 31 42 58 75 101 133 142 146
0 5 57 71 76 80 131
13 17 24 39 45 51 74 92 98 101 139
13 19 27 54 71 78 83 118 127 132 136 139 142
18 24 37 48 66 70 71 147
10 23 29 31 46 89 110 124
12 96 127 129 130 148
2 37 44 82 93 111 127 141
25 35 37 38 51 53 54 88 114 127 129 130
15 46 49 98 102 106 129
1 13 37 54 65 68 86 89 91 96
24 28 38 50 54 90 91 115
12 13 14 16 42 70 125 139
17 22 27 28 59 70 95 118 119 127
28 35 55 62 75 77 89 105 110 115 132 133
51 61 63 95 98 131 135 142 145
5 12 16 50 86 125
2 4 17 26 27 129 142 143 149
14 26 32 63 111 121 128 142 149
9 32 34 46 64 104 108 124 142 146 149
7 33 70 71 86 148
2 7 11 12 28 34 57 85 90 136
56 61 73 74 105 135
0 7 17 54 68 90 97 99 104 119 132
13 25 30 37 52 78 93 98 105 128 133
12 19 49 69 76 86 97 109 112
14 37 46 77 79 92 105 139
9 22 50 53 64 67 79 89 123 148
0 21 34 40 63 84 123 137 140 142 149
6 7 17 47 50 74 89 91 111 117 119 129 136
10 14 85 110 119 121
20 52 70 82 88 89 146
36 54 61 74 84 86 101 104 113 124 140 145 148
20 23 28 32 41 43 55 81 87 91 112 117
9 62 72 73 80 94 101 103 105 124
7 42 46 56 80 97 98 117 130
37 44 67 68 70 90 99 103 104 120 138 148
4 21 23 63 72 104 108 109 115 122 125
3 7 12 18 25 48 78 81 91 104 109 136
47 51 71 77 111 135 149
22 45 48 58 79 126 130
1 6 8 74 91 96 116 123 127 129 144 147
26 59 80 82 93 118 139 141 143
3 17 29 55 61 80 86 93 130 138 141
28 29 42 53 82 95
0 37 41 43 45 46 71 85 117 143
65 77 78 86 88 104 111
42 55 57 60 90 100 107 113 117 126 145
2 14 16 50 92 112 132 134 146
12 24 49 54 88 137
10 22 29 35 41 63 73 80 95 131
28 32 64 67 144 145
3 18 57 70 81 82 100 101 107 109 123 124 145
24 43 67 84 108 123 133 141 146
11 12 16 20 49 79 85 89 121 146
27 31 32 34 41 64 75 81 116 134 145
7 30 37 69 71 72 98
7 12 38 47 52 60 64 69 80 125 147
0 2 5 12 16 20 21 72 98 125 135 146 149
7 20 36 45 51 66 73 89 91 97 100 109
18 38 71 100 118 134
19 28 61 84 114 121 147 148
22 30 39 58 63 76 103 111 117 119 133 134 143
11 19 43 61 63 71 85 111 130
8 24 52 74 78 100 114 123 143
2 8 12 15 39 41 47 85 127 144
23 29 57 66 76 96 98 133
20 21 62 83 87 97 112 124 126 139
3 12 15 24 32 79 81 99 111
3 44 72 73 95 98 105 119 120 130 149
21 25 32 43 44 106 124
2 17 22 29 55 79 111 122 136 137
1 23 26 63 73 82 86 103 105 106 116 131
1 4 11 16 19 27 28 108 127 129
8 17 26 41 46 83 95 133 149
3 9 22 23 42 71 87 92 110 127 128 132 135
1 4 6 50 70 75 104 137 146
17 73 90 102 114 132
5 11 19 22 77 82 86 90 93 99 140
63 66 69 95 96 98 129
9 11 12 30 46 58 67 70 76 78 81 97 120
0 47 48 68 73 83 97 128 129 147
4 10 22 38 45 52 54 64 79 86 115
10 19 38 52 67 82 91
2 11 15 18 45 71 77 110 122 129
14 28 37 38 45 60 63 81 89 123 137
12 14 29 39 102 103 129 134 136
6 15 24 26 42 44 59 75 129
18 43 44 51 55 57 58 66 67 77 99
4 18 19 62 68 131 144
13 25 27 28 64 72 77 85
52 53 59 98 116 126 149
3 11 16 17 28 48 58 68 74 104 137 138
11 39 51 77 95 99 113 119
26 38 45 67 80 87 88 107 115 138 140 142
6 16 31 38 48 59 68 75 84 101 129 135 149
18 35 53 79 83 94 96 104 107 117 133 138
23 44 51 75 91 94 122
13 26 32 56 68 80 82 88 91 92 101 107 127
1 5 31 42 47 79 93 107 110 145
4 9 28 35 38 67 74 103 110 128 142 147 148
6 26 27 52 122 139 145 149
8 17 25 27 39 93 94 96 108 129 130 146 147
11 41 55 67 68 74 78 84 107 109
9 13 19 50 56 60 67 70 80 103 105 138 139
1 4 5 17 79 80 88 108 109 115 122 140 146
0 16 49 66 83 94 99 101 126
50 53 59 68 75 96 110
2 3 8 12 15 18 21 65 68 77 110
3 37 63 64 65 113
15 19 30 68 75 80 118 122 148
29 40 54 98 103 109 116 148
4 10 12 23 29 51 64 66 97 100 135 149
8 51 88 97 108 131
0 2 5 19 40 42 85 123 144 145
15 20 25 38 54 56 59 62 69 128 131 132
2 18 31 34 51 67 71 75 88 105 134
31 34 45 82 83 119 126 130
23 28 73 74 75 76 100 126 136 139
10 31 59 69 72 81 85 92 101 126 143
26 28 49 50 77 88 134
4 10 19 20 32 56 60 74 81 103 129 133
31 32 33 36 37 69 73 84 116 138
23 26 40 55 62 74 80 92 96 117 118 129
10 37 39 40 51 131 132
9 16 60 78 83 84 115 120 138 142
0 22 41 48 73 80 88 105 114 124 132 147
8 14 19 27 53 68 92 111 113 149
3 17 19 33 88 98 100 121 126
9 55 95 105 107 124 147
32 65 96 120 125 127 134 141
6 17 40 52 74 100 122 135
42 45 55 59 66 89 94 123 135 149
13 52 68 100 117 124
7 9 25 39 40 51 59 80 105 111 121 123
47 52 54 68 99 100 117
30 55 81 104 108 125 149
4 53 84 108 126 141 146 147
5 8 27 50 51 91 127 145 149
52 63 89 102 103 104 124 131 138
0 4 14 21 30 41 70 87 106 147
19 25 28 53 64 65 72 91 111 129 140 141
14 15 38 50 81 97 104 105 112 120 134
44 54 61 63 125 129 139 147
2 7 8 27 31 51 71 112 137 146
6 44 63 79 104 110
12 19 27 56 58 79 97 98 113 119 139
4 18 49 69 98 110 136 149
6 27 34 50 64 68 82
24 28 33 52 73 93 95 123 141 146
14 37 52 65 80 96 111 114 133
27 54 55 58 69 75 81 99 115 122 126 128 147
18 31 60 96 100 141 142 149
9 51 52 71 84 85 89 97 114 117 126 149
12 52 54 65 138 141
9 47 75 82 86 92 104 134 144 148
53 63 70 77 119 138 139
9 24 45 61 79 149
7 9 11 18 23 29 35 47 58 86 110
3 4 12 20 43 46 53 70 96 134 145 146
6 7 34 42 51 88 90 100 114 116
3 39 53 55 56 61 62 64 98 107
6 7 19 35 53 57 67 80 88 90 113 117 148
24 33 53 70 73 111 131 132
13 24 26 56 60 61 64 78 85 118 140
6 31 34 46 55 80
20 22 31 48 63 74 85 95 109 110 124 148
1 27 28 44 92 108 123
14 32 33 57 61 69 71 72 90 102 113 135
24 47 62 73 89 96 107 125 129
32 59 74 84 96 102 113 132 134
3 29 47 50 66 90 116 142
11 17 52 55 72 80 89 112 132 142 143 144
9 37 62 92 117 128
0 6 18 34 49 54 67 83 108 117 144
0 1 34 35 49 86 93 108 124
4 43 92 98 116 145
12 15 25 36 69 93 94 101 105 128 132 136 141
14 36 39 74 98 125 126 129 149
6 70 78 79 81 143
1 47 80 95 108 149
8 14 22 43 45 65 70 92 98 115 129 132 140
20 22 31 91 96 126
3 10 27 56 62 64 92 106 107 145
6 7 8 32 35 37 48 91 109 125 146
9 55 70 88 92 102
17 38 43 48 53 67 104 147
1 2 16 34 35 87 99 127 129
27 38 41 115 144 147
9 16 50 53 61 65 81 90 108 110 120 122 143
32 56 73 74 80 86 101 133 143
7 18 28 37 38 41 69 77 78 82 94 110 120
15 37 76 100 118 128 139
10 14 29 32 105 116 125 132 142
27 41 44 54 64 73 80 109 111 122 130 135 142
3 14 17 39 43 51 64 100 104 110 124
38 41 50 59 94 96 105 118 136 140 148
29 44 67 111 120 131
51 60 64 71 72 78 101 103 109
1 5 7 40 41 59 70 71 103 135 137 143 148
4 15 20 28 78 106 107 122 130 136 137 139
22 29 47 53 66 77 80 107
1 4 15 31 65 67 83 88 98 102 112 146 148
4 42 62 112 126 144 145
33 46 50 63 67 113 149
20 23 30 31 40 52 58 100 138
33 50 53 58 71 74 78 92 100 105 112 145
14 19 66 92 95 140
15 20 22 34 70 71 75 95 102 110 131
23 32 71 76 95 101 118 125
18 62 88 89 90 94
8 11 31 45 52 69 104 107 110 132 145
20 42 56 57 65 101 121 123 135 144 147
3 12 23 25 28 42 66 72 91 95 102
10 20 27 49 58 61 67 125 132 139 144
1 8 16 21 54 56 63 79 85 98 110 112 137
23 27 64 67 92 99 100 101 104 115 144
52 77 81 84 86 107 129 135 138 141 147
7 25 26 35 36 69 79 80 83 90 98 109
2 20 34 39 46 48 56 76 119 129 134 141 142
11 36 70 72 77 88 121 129
0 35 39 52 59 66 77 79 99 128 139
12 16 32 43 57 59 76 94 112 118 121 122 136
31 34 68 74 103 135 137
0 21 65 121 126 149
3 16 52 86 87 133 144
22 87 96 111 136 140
9 78 91 117 121 147 148
1 30 32 43 51 53 57 63 89 94 109 140 144
4 19 20 26 30 37 85 86 103 110 135
9 21 34 43 52 66 79 91 103 117
10 15 23 27 38 66 80 126 128 132 134 139
3 13 49 91 118 123 124 127 132 139
20 31 36 40 72 109 114
1 8 24 40 62 79 92 108 120 121 135
15 19 32 44 49 69 90 92 96 115 117 138
7 9 25 31 97 98 113 116
14 64 91 97 105 121 128 143
0 4 15 52 69 99 116 118 123
0 11 60 63 64 68 83 92 98 120 130 134
1 36 92 103 112 131 141
13 32 43 62 90 123 131
4 14 15 20 30 67 93
19 29 52 67 72 86 88 90 96 103 118 121 142
14 27 30 53 75 80 83 96 113 128 129 132 143
14 20 23 46 59 76 109
7 22 69 75 85 102 112
6 7 34 48 64 111 141 145
3 20 60 79 82 107
2 18 31 45 46 47 87 93 108 130 135 140
17 60 100 110 146 149
2 5 23 40 44 47 53 54 77 91 108 115
4 10 16 25 31 82 132 148
49 53 68 97 99 102 109 116 120
0 23 26 40 46 51 57 59 93 102 114 127
3 7 9 26 34 57 78 81 141 145 149
12 70 78 84 92 111 114 117 120 130 131 143
34 35 58 75 80 84 91 128 129 138 146 149
0 4 26 55 58 84 89 90 124 126 143
4 11 40 45 54 74 87 91 93 96 105 108 137
13 20 61 91 106 112 122 123 124 129 130 143
9 24 33 49 59 69 81 83 103 109 129 131 135
11 14 19 62 74 75 86 87
3 10 34 38 44 56 57 62 81 89 104 125 133
12 21 27 34 35 57 72 86 92 96 116
0 27 29 47 48 53 85 99 121 134 147
17 36 52 61 72 117 132 134
23 39 45 52 63 64 106 108 115 121 137
3 18 24 25 42 79 89 103 130 131
51 61 66 106 114 138 145
19 22 59 96 97 109 122 135
8 30 44 53 59 70 71 93 100 123 127 134
0 1 18 77 102 106 138 141
30 81 89 100 102 111 112 118 138 139 140
7 17 19 20 47 84 113 131 140
39 46 53 54 55 56 59 78 100 123 140
29 45 62 84 127 143
2 9 33 75 79 120 142
0 2 14 27 41 54 68 77 85 102 127 140
49 67 83 86 98 99 112 122 127 132
32 55 61 63 77 80 87 121 131 145 149
3 8 17 43 52 74 78 103 131 133
1 5 33 36 51 59 74 87 101 135 140 143
0 32 41 73 108 118 119 142 144
3 34 43 74 82 126
10 24 26 31 54 64 78 112 123 132
15 37 43 64 70 84 101 148
9 27 29 35 62 68 89 96 97 102 112 138
31 51 63 114 138 140
8 27 45 46 77 124 127
73 87 89 90 123 139 146
21 73 97 100 101 109 112 126 144
5 27 32 58 66 92 124 125
11 25 28 37 55 62 114 123 141 143
4 21 38 44 54 108
51 65 69 71 74 106 123 129 134
15 23 41 86 97 99
17 34 75 83 98 115
45 46 117 124 125 127
39 41 46 79 87 115 136 138
0 21 41 50 59 70 80 85 98 104 120 131 143
27 28 34 55 71 115 118 147 149
2 24 26 33 53 70 140 147
7 28 31 64 115 134
6 13 17 19 33 41 51 73 77 94 129 142
22 24 29 34 51 64 67 95 144 146
8 51 56 60 66 79 87 100 107 111 135
30 74 76 109 118 137 138 146
1 21 33 71 90 109 134 144
6 12 21 23 68 79 81 104 127 130 135 140 145
11 37 40 69 85 113 120 145 147
1 8 18 26 36 59 71 88 99 100 135
6 11 12 17 59 64 69 79 88 96 112 123
7 19 48 57 73 84 96 98 110 122 129 136 148
35 44 46 47 84 86 106 116 133 136 147
10 21 33 72 105 106
1 13 28 33 35 46 50 66 78 94 113
13 28 89 95 108 116 130 135
23 54 55 68 100 123 127
14 15 35 45 88 131
9 53 59 61 78 95 97 106 121
6 29 51 89 97 98 139
16 25 39 44 46 50 90 94 112 113 138
6 32 40 51 69 76 119
20 26 42 49 57 58 107 131
15 18 39 50 58 77 93 109 122 130 137 149
14 19 40 59 62 71 75 101 105 132 141 146
38 52 58 102 112 131
37 44 52 80 101 131 148
3 16 25 37 105 128 132 148
28 33 43 54 68 73 74 76 82 96 111 120 125
4 11 31 38 60 61 91 111 136 138 139
65 79 90 93 107 124 131 137 142
40 53 72 79 81 89 101 119 125 131
1 24 34 50 53 73 103 116
0 30 39 44 81 87 125 142 144 146
14 51 124 128 140 143 145
45 54 56 64 85 95 127 140
38 51 91 115 118 135 140
11 17 19 24 26 27 58 76 82 95 100 112
12 35 43 95 106 129 146
16 19 37 87 92 115 135 138
22 45 51 65 80 132
9 25 42 56 71 106 110 129
14 17 26 31 41 50 74 90 146
22 32 34 39 71 74 98 133 138
6 24 40 43 55 86 94 106
14 39 65 72 88 110 114 116 138
11 25 37 54 61 76 84 118 125
19 23 41 90 99 144
4 14 40 68 77 100 123 124 127 131 142 147
2 12 37 38 39 42 52 70 127 138 139 149
26 28 36 46 102 114 119 126 135 137
5 8 21 27 31 42 99 106 107 116 143 149
8 10 30 58 62 104 121
16 26 52 75 92 125 132 140
13 22 26 58 82 99 107 109 130 132 138
18 36 62 94 97 118 140
7 9 13 69 80 85 97 112 119 129
16 20 34 47 54 61 91 102 110
8 21 27 32 54 61 92 110 123 148
24 33 36 41 49 56 75 95
10 19 53 55 81 82 98 147 149
8 41 42 82 93 98 107 117 124
8 54 64 85 87 104 146
23 26 70 85 99 100 124 148
17 31 36 54 56 108 127 140 143
1 13 46 56 57 77 86 121 136
1 25 28 30 44 46 56 76 96 108 112 132
15 18 22 44 54 59 97 121 135 145
20 21 23 34 48 59 78 94
2 26 35 46 51 60 64 71 80 83 104 129 137
3 26 31 44 45 61 108 111 128
10 11 16 24 34 49 86 120 123 135
20 25 40 47 67 128
13 15 20 67 97 98 105 106
8 24 33 37 59 62 88 90 109 111 122 141 145
16 18 29 37 38 41 64 70 90 106 112 122 142
0 20 27 57 66 105 106 132 137 147 148
11 17 29 41 50 59 64 70 87 97 98
1 24 40 45 88 99 109 140
6 19 25 32 70 83 100 105 111 126
25 42 45 66 99 126 139
9 10 16 56 84 89 97 104 122 146 149
0 5 47 64 75 91 94 114
42 48 64 65 104 105 131
10 24 32 34 51 75 77 90 128 132 137
6 28 29 34 40 52 80 95 101 118 123
1 5 42 67 121 129 138 143
4 9 37 43 51 58 65 100 114 121
1 58 109 129 143 149
4 15 18 21 25 51 66 105 109 126 136 139
5 14 37 45 71 74 119 127 149
22 26 30 39 57 61 64 84 104 125 126 138
2 60 65 114 125 128 131
13 15 32 35 40 72 87 89 114
30 37 41 48 49 54 79 83 86 110 114 129 142
6 10 20 45 76 81 112 139
19 31 37 52 56 60 80 102 128 131 138 141
9 36 40 48 106 125 142
5 6 22 70 113 115 146
1 28 54 82 109 126
6 21 23 49 55 80 101 107 126 145
16 35 46 67 77 82 84 149
47 50 64 71 78 89 148
6 37 54 56 57 67 72 113
21 44 84 94 102 113 115 118 122 125
3 12 55 57 58 80 87 93 99 135 136 143
29 60 70 82 104 110
3 9 19 59 104 106 127 145
2 41 50 56 67 81 85 96 117
23 25 33 72 83 99 140 146
47 50 73 75 96 148
16 21 38 42 90 96 132 135 147
3 8 39 56 57 71 147
13 19 35 42 45 50 52 71 76 86 112 114 143
28 31 36 76 86 92 104 119 124 127 139 143
2 28 40 63 76 91 102 105 108 111 140 141 147
40 42 55 116 129 138 149
22 43 90 98 132 139 143
22 28 30 58 61 86 91 99 103 107 108 136 144
33 50 64 122 125 144
22 37 54 59 70 109 127 139 146
5 6 8 21 33 35 36 74 83 90 107 146 148
39 62 87 89 92 113 114
29 30 98 116 135 145
0 13 16 19 91 103 105 108 115 130 133 149
16 25 80 85 89 110
17 25 55 60 111 114
12 65 80 81 95 105 111
34 51 52 55 60 134
12 21 48 63 108 114 123 142
21 34 42 48 56 63 107 118 130 141 145
8 18 58 74 87 98 102 147
24 27 29 34 38 57 80 98 110 127
34 58 67 74 76 92 103 120 136
21 31 32 48 51 77 78 96 107 114 134
10 11 22 53 55 56 106 112 121 125 131 137
8 17 18 26 36 39 42 52 90 93 111
38 56 58 61 75 90 95 124 131 135
30 58 63 64 65 102 114 119 142
24 25 36 46 55 59 108 111 112 125 139
7 29 33 36 48 50 55 77 82 91 101
13 21 24 28 47 51 60 71 115 138
20 21 52 57 63 84 98 103 104 113 119 145
29 32 35 45 52 54 58 79 87 99 103 135
20 54 65 68 69 94 106 131 149
9 18 40 45 46 73 78 81 91 131 138 140
9 10 18 64 101 112 119 122 140
3 10 30 69 74 78 87 109 118 121 139
2 6 8 30 36 49 51 54 64 84 91 98 144
10 28 43 55 71 76 85 86 109 127 149
0 7 29 30 55 65 72 78 102 110 133 137
2 10 60 83 92 136
28 31 60 62 84 97 118 126 127 141
21 40 53 55 56 61 65 94 119 139
7 17 41 62 72 74 95 99 110 118 119
2 17 57 69 80 94 98 112 133 139 143
3 9 19 53 67 77 89 131
37 42 82 97 119 129
4 7 33 44 75 109 118 137
6 10 49 77 106 115 118 122 135 139 144
1 3 47 49 65 95
3 10 40 51 53 68 103 106 123 125 128 132 147
6 13 16 24 26 36 52 94 110 114 131 136
28 47 56 63 102 116 131
7 24 26 39 48 58 60 65 68 69 104 105 119
2 20 21 54 100 107 142
22 30 62 82 87 108
0 11 24 63 77 87 142
12 18 39 59 66 78 119 141 145 149
2 15 26 30 35 68 71 116 123 133 138
29 30 46 61 65 81 104 116 138 141
18 24 49 54 58 87 108 147
4 18 63 65 74 78 83 84 110 121 132
13 21 23 70 95 106 129 136
6 17 24 49 50 64 71 78 103 134
6 7 14 28 30 47 73 83 84 94 120
11 36 44 49 84 95 96 99 139 143
11 13 25 50 68 73 74 76 83 112 135 137 143
19 21 23 48 62 84 105 131 141 145
8 28 33 46 47 69 80 90 92 93
4 19 22 34 38 74 81 145 149
5 7 27 31 41 59 71 74 82 93 139 142
27 28 36 39 51 62 66 90 102 103 116 132 134
17 29 33 40 80 105 118 132
5 13 22 24 35 36 69 82 84 87 94 137 142
2 23 54 80 97 99 120 127
3 9 19 43 50 54 57 64 104 124 132 142
2 12 19 23 24 47 50 61 65 79 128
13 18 32 42 60 125 140 144 147
2 35 56 59 61 69 70 86 115
10 16 46 57 68 72 89 112 115 125 127 134 147
16 24 27 50 58 68 71 79 110 111 125 131
11 16 29 34 48 51 60 73 90 107 125 131 147
33 35 69 81 87 149
29 64 68 96 104 110 118 125
6 19 25 28 38 48 72 92 100 114 122 139
0 4 7 14 36 41 111 130 132
21 41 76 103 107 132
0 1 9 10 22 23 57 109 112 122 134
1 24 39 41 87 92 112 123 138 144
7 23 24 41 60 71 77 124 135 137 142 147
18 31 36 40 65 73 90 105 128
12 16 18 61 94 101 114 122 123 135 142
14 17 18 56 67 80 94 104 113 136 140 142
22 29 36 37 64 69 91 93 149
13 17 24 35 104 109 131
19 35 63 70 71 124 128 149
3 5 22 45 91 102
4 16 26 30 38 41 53 70 77 82 93 110
20 23 40 85 95 118 123 140 144 148 149
15 18 45 65 69 75 80 83 86 97 112 129 132
19 26 63 84 91 143 144 148
1 3 13 14 33 57 58 65 87 128 137
2 6 12 17 21 22 32 45 65 79 90 142
12 17 18 45 65 73 84 86 96 104 114 127
49 56 77 81 85 87 101 119 121 144
13 29 43 44 50 58 70 76 88
12 35 42 68 78 79 107 125 133 142 147
16 31 94 95 107 112
0 25 58 76 83 93 94 103 113 117
4 5 16 20 51 83 118 124 126 127 145
2 7 20 22 36 58 64 78 96 102 138
1 11 36 47 69 86 93 104 135
9 21 24 36 43 65 73 74 84 100 119 145 146
6 24 27 30 32 37 59 97 113 119 139
1 32 43 62 76 80 92 133
5 16 30 48 50 51
34 68 94 101 108 109 117 129
28 39 58 85 121 131 134 139
34 71 77 93 100 105 112 118 134 144
19 23 84 105 106 137
0 18 25 31 42 46 82 86 94 109 130
13 47 55 78 79 113 140
5 25 70 106 127 146
29 35 48 81 106 133 141
4 28 41 55 66 91 98 108 115
9 11 24 25 32 44 81 129 132 143
7 17 49 90 91 93 121 135
31 43 69 118 128 135
28 59 61 72 82 113 116 126 142 145
36 51 56 57 88 113 141 149
26 31 32 37 44 50 63 64 125 129 148
3 10 55 87 130 136
14 25 52 69 112 119 121 126
15 19 41 64 88 114 124 145
7 14 19 20 37 63 88 90 102 107 139 140
5 17 32 35 46 48 58 59 61 145 146
6 11 12 14 57 64 82 100 111 116 145
4 24 68 72 80 124
2 20 43 52 81 82 91 127 128 129
6 7 17 40 57 82
18 41 68 69 77 107 111 133
4 8 15 20 38 55 110 129 138
26 39 97 99 130 137 139
5 34 36 41 61 71 97 114 129 147
12 14 40 66 69 74 84 87 94 117 129 141 148
44 54 56 75 95 108
0 3 7 51 54 58 59 73 81 87 101 129 130
0 5 60 66 72 108 125 132 137
20 28 56 87 104 118 120 142 145
13 15 19 31 45 51 76 86 91 108
1 4 35 39 47 54 56 65 90 92 99 124 147
15 28 56 103 117 120 134
22 23 27 32 33 53 60 106 121 139 143 149
5 23 48 51 100 104
13 27 31 88 109 110 111 112 129
4 24 41 57 64 75 86 131 140
5 53 61 65 103 125 136
22 65 79 80 106 143
21 38 39 79 87 94 104 106 107 117 132 140 145
18 32 53 58 69 101 146 147
38 75 81 108 140 142 145
41 49 52 58 59 64 72 79
12 18 33 41 53 67 96 123
17 32 35 51 56 61 77 83 107 135
21 47 52 60 95 108 111 113 118 126 142 145 147
17 27 39 71 83 94 101 114 134
18 71 78 80 85 86 99 105 109 126 138 144 145
17 24 28 32 44 48 49 75 77 82 84 116 141
2 24 79 108 110 123 140
16 17 24 59 71 81 90 107 125 130 133
6 8 9 14 18 26 58 80 94 113 121 125 148
14 31 55 60 77 86 107 123 132 135 140 149
4 5 10 16 19 25 63 74 80 93 98 113 139
0 14 65 75 81 112 149
3 5 23 89 96 97 109 114
3 24 36 41 70 80 90 93 98 99
5 28 78 80 90 118 122 130
27 31 68 106 109 132 137 140
6 37 54 61 79 109 129
2 29 46 93 102 106 111 112 121 135
4 11 40 54 56 79 84 99 141
4 13 14 17 57 61 67 71 86 94 119 132
0 14 30 43 54 55 59 60 70 78 111 131 134
3 28 73 90 102 107 119 124
13 50 53 61 62 97 113 114 138 147
17 22 37 45 63 69 94 143
5 18 21 32 84 96 101 119 138 147
5 22 43 54 110 141 145
4 12 20 21 61 72 96 100 101 114 118 139
8 10 63 70 79 82 92 114 116
5 6 10 56 72 117
23 26 30 41 63 82 102 117 120 134 140 148
8 9 33 78 85 92 96 101 114 125 135 136 146
23 34 44 45 72 87 89 90 103 125 127
1 8 37 50 76 80 83 97 98 128 132
6 16 52 70 75 80 84 88 91 93
9 12 20 26 39 45 52 55 63 84 86 112 135
4 18 42 48 78 80 82 113 115 132 149
1 3 18 22 41 46 70 72 83 108 116 121 131
3 32 77 93 94 101 128 143
4 12 18 42 50 58 90 115 118 120 136 138 146
1 6 8 26 62 97 114 137
17 20 21 28 37 61 70 126 136 143 144 147
16 44 47 61 74 124 129
11 46 61 72 75 92 121 130 131 133 141
47 54 69 88 96 100 111 124 134 148
9 47 55 64 85 119 133 139
15 18 44 51 60 73 113 116 124
1 20 51 54 56 67 117 125 133 139
28 43 69 75 80 96 141 148
16 38 62 77 95 114 116 144
17 19 74 82 107 140 145
76 83 101 103 138 148
8 14 30 43 56 57 61 74 83 102 111 120 149
16 41 47 74 80 93 96 109 111 129 131 140 146
16 20 25 26 27 56 61 78 83 86 92 136
72 73 74 80 104 106 136
4 9 26 52 57 82 99 115 123 132
23 27 33 66 128 139 141 145
4 25 52 54 77 96 100 131 143
3 8 20 22 39 50 52 61 81
9 27 114 136 140 143
2 29 38 61 63 66 72 95 100 102 114 129 141
7 35 56 57 67 69 103 114 123 134 148
17 28 30 50 51 79 83 140
34 61 72 76 83 137 143
17 19 25 26 29 31 46 62 80 114 118 132
7 9 10 33 60 80 82 101 102 129
36 37 68 88 105 107 122 144 147
24 66 81 97 111 114 119 147 148
5 7 14 34 55 81 89 90 114 115
45 86 95 105 116 138
39 41 55 61 76 89 93 104 115 124 135
3 22 29 41 56 59 68 69 74 86 115
6 7 12 19 48 84 108
6 17 18 49 60 67 73 82 96 103
3 15 20 41 61 81 108 112 145
27 92 112 117 126 129
17 18 32 50 92 106 107 115 123 132 144
7 11 23 24 39 48 55 58 66 133
4 11 18 20 24 42 49 55 70 103 107 142 144
9 32 41 45 63 77 86 89 93 124 142
26 29 31 38 84 101 111 115 121
12 36 40 55 57 58 59 75 100 107
46 60 71 77 79 80 148
6 14 34 46 54 77 99 111 116 117 130 133 135
11 31 42 66 79 81 95 104 107 125 131 135
4 5 14 27 38 58 66 83 98 101 118
4 9 20 26 42 44 55 62 87 91 145
11 47 57 91 95 117
32 33 45 57 73 75 95 99 115 134 144 149
15 55 61 65 101 142
20 21 38 50 54 63 73 89 99 109 120 125 147
0 56 81 87 107 119 148
9 20 25 58 64 71 72 83 105 117
0 10 12 13 16 28 34 73 87 115 125 127 132
5 25 27 37 73 96 114
9 11 20 43 49 62 72 83 88 93 138
1 6 30 39 68 90 102 112 114 126 142
12 22 45 46 61 62 70 73 91 95 127 129 147
7 30 34 40 60 72 96 97 102 104 131 136 141
7 19 44 49 64 120
7 11 15 19 31 32 49 54 74 103 129 137 147
2 4 12 20 44 81 122 138
9 14 22 32 35 36 80 116
47 56 57 64 70 81 102 104 121 139
3 8 70 88 89 100 102 107 121 134
7 17 42 66 69 80 98 122 126 131 145
3 36 58 73 77 84 101 124 125 126 147 148
3 15 54 60 100 123
3 11 27 29 31 44 56 81 86 116 126
51 70 105 110 113 120 143 144
4 21 30 43 69 85 91 106 113 120 140
21 44 57 66 91 97 129 143
7 13 32 41 46 70 75 111 120 145 146 148
11 18 56 94 133 135 139 142
2 5 22 33 54 60 110 125 129
8 10 12 56 63 77 87 88 93 139 146
24 28 29 52 59 71 77 121
47 50 52 96 107 108
10 15 25 30 34 52 85 89 96 107 124 131
4 14 34 49 64 65 67 78 85 90 92 107 125
50 88 120 137 138 146
2 7 10 14 46 47 59 89 136
23 24 27 60 61 92 95 106 145
47 49 50 53 63 66 79 81 140
43 58 61 64 71 76 99 107 129 137 140 144 149
46 66 73 81 85 99 128 134
51 62 66 75 126 130
20 33 51 78 82 94 109 124 126 139
66 70 74 88 110 144
6 29 47 51 58 60 76 84 96 101 105 108 143
1 31 57 66 67 71 89 93 95 103 141 148
8 16 23 37 91 110
19 32 45 49 50 62 91 95 103 109 119 131 144
8 26 36 41 50 58 60 64 90 118 134 143 146
6 24 73 78 105 114 121
7 53 83 108 129 131 137 140
7 20 21 30 74 83 102 118 128 134
0 19 23 33 44 54 61 106 115 135
13 18 22 44 54 56 60 73 84 88 102 106 119
3 6 20 22 27 31 36 68 72 96 105 113 134
19 33 80 86 110 112 116 122 125 145
22 34 53 58 79 85 89 93 106 144
21 24 30 33 53 59 76 92 107 117 119 142 145
29 43 81 115 120 124 126
31 36 65 70 79 106 138
13 17 20 22 35 36 60 65 118 133 144
1 24 25 36 58 75 90 104 107 109 117 143 148
12 25 35 58 61 83 88 124 125 132 138 146 149
0 57 83 102 121 129 142
16 17 36 46 69 90 96 116 142
22 39 49 57 58 71 74 76 101 126 139 146
7 15 39 49 52 64 97 100 125 129 143 147
5 16 47 49 55 63 70 74 76 79 124
55 71 76 87 99 121 130 132 142
12 13 24 65 77 78 82 86 101 106 116 133
85 86 115 119 128 142 143
5 17 64 72 82 83 106 121 126 134 137
22 27 47 48 71 101 124 133
29 45 46 55 60 62 64 129 148
14 26 37 43 65 66 69 71 84 88 90 122
2 13 76 77 88 113 114 125 149
4 14 27 48 69 90 109 126 145
41 46 83 121 123 135
23 31 94 131 132 135
28 41 47 71 97 105 109 126 129
15 39 46 64 82 112
47 71 75 82 127 129
25 45 48 53 69 73 80 108 109
35 50 54 60 76 87 103 120 146
3 17 32 38 95 101 108 120 147
9 48 62 77 99 100 105 146
32 51 74 78 128 146 147
17 20 33 39 41 90 98 104 112 114
9 16 25 39 49 87 88 116 129 132
3 9 30 71 90 104
63 65 75 77 99 106 125 135 136
2 29 31 51 60 73 81 97 98 115 141 142 146
1 15 48 54 71 74 83 131
3 5 20 30 46 50 59 61 82 95 110 133 140
6 23 34 43 46 48 64 81 82 87 88 104 124
5 28 35 40 69 71 135 136
16 23 68 78 83 103 105 136 146
8 17 27 68 92 98 109 110 112 124 125
18 27 42 66 88 139 140
5 17 40 58 73 106 107 113 141
17 29 53 84 92 98 105 106
30 36 58 69 96 116
65 69 87 91 98 111 115 118 119 139
13 42 63 71 77 88 123 141
48 54 61 89 114 120 128 147
51 53 78 87 103 109 124 133 135 143 146
3 12 26 128 131 146
0 58 73 86 87 96 102 103 106 120 144
1 15 20 38 41 55 79 88 103 111 129 140
13 30 48 68 115 131
2 45 92 104 105 119 126 128 143 146
42 46 61 121 144 149
26 42 46 63 76 107 118 121
4 45 64 113 118 129 135
24 83 86 116 140 144
22 46 58 62 65 76 99 129 141 146
23 29 35 53 54 76 81 104 119 143 145
19 30 36 52 86 89 96 144
28 47 55 76 106 113 122 134 139 147
2 5 8 54 55 69 74 77 79 104 147
11 16 36 49 122 136 149
3 54 90 91 99 110 121 125 132 133 136
32 34 36 65 66 100 115
66 87 120 130 144 148
2 5 15 25 43 74 89 114 119
5 8 56 57 60 68 114
21 31 68 81 90 98 101 102 105 108 133 142
19 84 92 134 137 142 143 144
0 15 25 66 75 87 104 111 123 141 142 146
6 13 35 51 59 71 108 110 120 135 146
14 18 38 42 53 68 99 113 114 136
2 3 5 19 20 28 57 60 106 107 141
13 21 37 50 136 139
24 37 39 69 72 100 112
29 35 49 71 78 80 88 98 109 114 115 143
19 21 31 38 118 137 139
1 6 7 23 24 56 59 71 83 98 124
4 26 43 54 79 80 109 121 134
14 20 23 35 43 46 115 146
0 2 25 27 42 52 56 65 76 95 101 108 148
12 15 60 76 78 82 100 113 118 141
46 62 69 74 83 90 97 100 107
1 30 71 73 135 149
11 14 23 28 29 46 66 67 70 105 109
8 12 28 46 66 74 78 100 102 111 132
2 19 32 50 65 86 111 127
3 61 69 95 143 146
17 31 33 41 53 67 68 71 75 78
1 10 16 31 34 37 70 75 82 119 121 146
48 52 58 68 71 82 95 103 115 117
2 28 33 61 76 82 84 99 109 122 131 146
9 25 30 47 61 65 90 121
42 44 55 76 94 95 113 127 132
11 16 78 92 96 122
2 28 35 40 63 79 81 83 92 130 133
31 37 42 98 105 115 133 147
3 6 8 56 63 65 84 87 119 126 141
1 7 22 34 43 57 62 84 92 95 108 142
3 21 22 33 63 85 100 105 128 132 140
1 24 53 58 125 132
13 16 79 80 98 102 146
22 24 34 49 60 62 109 118 119 120 144
7 13 19 84 111 121 127 142
4 5 20 70 108 120
2 31 50 91 94 137 138
12 31 36 43 46 54 63 70 72 94 125 148
2 5 27 42 58 68 73 91 92 109 110 116 138
23 28 63 68 97 129 140
31 46 49 57 104 106 112 133 136 138 145
1 33 40 65 71 73 112 124 129
2 7 13 22 70 71 79 90 97 115 140
12 22 27 36 40 47 52 58 62 75 91 100 121
8 12 13 60 79 81 85 94 111 137 140 148
18 24 76 97 106 115
22 34 52 56 57 73 75 87 117
25 62 92 119 121 146
15 21 80 84 103 104 108 132
30 56 67 73 76 111 127
0 21 22 55 74 99 123 134 140
5 26 28 30 31 80 90 115 140
17 24 39 51 53 73 94 95 98 147
8 25 32 86 108 110 115 128 129
11 34 46 60 67 74 82 103 104 111 126 129
19 26 41 50 66 98 104 109 110 147
8 31 51 56 69 76 77 113 118 126 139 141 144
8 11 13 58 65 77 79 111 115 120
9 68 75 83 86 92 98 100 115 136 146
27 31 35 48 49 75 80 86 111 138 142
36 48 52 55 56 60 92 121 123 126 133 139
6 10 11 15 17 47
4 10 16 33 59 96 107 113 115
5 12 29 35 41 70 99 110 114 122 126 130 145
5 18 27 41 52 56 64 77 89 95 126
17 31 33 80 83 94 120 127 133 134 137 140 142
7 29 52 58 87 91 99 105 109 149
13 40 63 75 94 103 122 135
7 16 37 42 47 49 59 77 109 112 135 136
27 38 40 47 71 82 91 110 115 117 145
9 39 56 67 78 81 90 101 110 114 120
23 50 82 103 115 119 121 125 129 149
4 11 26 55 65 71 106 115 128 131 134 136
8 11 19 41 47 58 83 118 120 130 149
2 12 21 25 26 36 42 58 63 94 114 115
4 7 8 67 100 107 129 138
10 20 47 56 64 68 76 81 83 99 107 119
13 14 17 21 26 39 40 52 67 72 77 84 140
7 19 27 29 40 45 79 90 91 118
7 14 24 37 39 65 74 88 89 122 134
10 64 65 72 76 82 98 108 119 124 138
52 57 92 123 127 130 138 139
17 18 22 47 55 95 107 114 119
11 21 22 23 48 88 91 125 142
8 27 29 33 55 57 63 73 99 102 118 128
10 11 13 33 54 62 70 109 125 132 136
8 9 20 28 43 62 69 124 140
1 8 16 19 42 56 101 110 122 140
4 49 59 60 61 85 144
5 31 55 57 68 74 97 110 115 121 126
2 6 7 8 32 87 139
33 48 50 66 73 112 134 138 145
25 33 40 49 122 143
1 28 46 70 115 121 138
4 34 52 73 95 106 122 144
32 63 67 88 98 114 116 123 134 138
30 52 54 64 104 105 141
1 8 9 29 65 115 122 136 146
0 54 57 79 130 139 142
9 21 25 49 116 124
11 23 27 32 55 75 84 94 107 113 124 125 137
1 8 39 56 88 93 106 107 127 146
16 19 58 66 75 81 88 104 106 111 142
5 9 15 32 37 54 55 84 86 99 122 132 139
5 18 30 59 63 83 86 91 117 140
10 34 42 45 63 85 101 129 140
5 54 59 64 65 141 147
19 27 49 54 64 90 100 112 121 137 143
14 29 36 41 112 117
14 21 44 50 51 53 54 115 118 121 136
0 30 44 61 70 87
55 96 117 136 137 143 144 149
4 30 52 78 96 133 137
15 22 50 63 73 77 84 86 124 128 135 142 148
4 40 53 78 124 131 140
20 27 42 47 64 79 84 90 120 131 132
2 9 31 49 79 80 90 117 141
34 56 73 95 111 135
3 23 36 56 60 65 88 91 92 125 127 138 140
24 25 45 54 58 74 93 130 148
35 36 38 44 45 65 72
3 8 40 42 81 86 104 110 126 133
