2 7 9 10 13 69 76 91 95 113 114 137
17 25 38 46 73 76 102 124 141 144
12 15 39 62 71 76 77 79 118 123 132 141
30 40 53 60 86 139
3 4 12 13 54 71 80 96 107 110 112
6 43 75 82 98 106 131 146
6 41 42 74 83 84 101 122 127
18 22 76 103 131 132
6 8 32 36 47 63 73 97 100 121 124 129 131
17 22 41 51 52 82 101 123
6 20 44 53 64 65 86 120 125 127 128 133 134
16 28 43 50 52 58 73 126 128 133 142 147
7 29 40 46 61 73 74 134 145
2 7 34 64 65 105 130 142
57 65 83 113 133 146
18 26 34 72 74 77 120 128 138 139 146
11 33 40 95 99 138 140 148
6 18 20 57 69 75 93 123
53 61 65 91 93 135
1 31 49 51 81 110
29 32 35 84 99 124 130 132 140
11 45 51 56 90 101
21 26 27 32 49 114 119 123 134
7 9 21 36 95 96 102 148
2 13 14 32 39 49 52 57 98 116 123 126
5 6 8 16 18 28 45 72 82 110 112 119
12 20 33 34 91 114 117 138 149
2 10 29 35 43 59 64 74 78 80 123 126 144
0 26 44 78 95 102 118 119 126 131 136 140 141
1 9 34 52 66 95 105 111 115 123 126
0 6 12 21 46 57 71 95 145 148 149
14 23 37 72 82 99 108 140
3 20 30 39 47 52 54 59 69 95 105 113 118
21 28 43 50 70 79 105 111 122 125 138 141
41 52 93 102 114 143 146 149
6 13 30 35 36 75 79 96 100 129
8 10 18 25 52 77 103 107 111 136
32 50 87 99 113 118
8 22 43 68 69 97 123 133
3 4 5 18 58 76 84 106 121 130 133 137
4 25 44 52 63 81 87 100 105 127 131 133
11 30 32 49 68 107 110 130 139 149
7 32 55 58 79 98 108 132 144
5 25 53 74 80 107 108 124 131
3 43 44 79 82 88 92 144
1 79 85 94 100 118 137 146
0 24 46 49 59 98
1 43 57 88 112 116 129 134
2 21 45 59 115 136
23 58 63 74 107 140
8 10 22 27 30 56 60 72 85 87 94 120 129
7 24 36 70 108 148
3 8 18 19 33 49 54 91
7 35 88 97 116 130 147
14 22 43 52 80 88 91 97 99 108 131 147
4 52 71 92 130 133
12 26 38 93 94 133 149
9 49 52 57 68 84 91 101 131
9 21 28 59 62 90 94 101 103 109 123 144
7 17 22 45 48 55 76 125 146
0 3 35 58 71 118 126
10 21 49 55 57 82 95 138
4 47 49 52 54 56 64 89 126 131 134 141 143
1 6 16 32 73 84 94 95 99 128 138 147
18 29 58 63 76 86 105 116 143 149
7 12 15 29 31 49 71 82 95 124 128 146 147
16 34 62 72 77 80 96 113 124 148
18 37 48 57 82 97
6 11 32 45 46 75 96 97 120 133 148 149
13 18 28 39 54 84 97 99 104 114 140
0 5 29 42 54 63 89 95 108 144
8 47 74 76 87 135
30 49 135 140 141 142
10 37 51 65 75 91 118
14 17 51 56 58 81 83 105 110 140 148
14 44 73 109 141 142
0 4 11 48 100 107 146
24 34 51 56 57 73 82 91 104 105 127 141
14 34 68 69 81 87 107 116 131 133
36 41 42 67 82 93 105 117 124
9 32 55 98 103 121 133 136 137 146
15 20 62 68 70 86 98 130 134 144
13 36 39 63 64 68 83 112 125 128
2 4 19 23 27 44 54 63 67 88 89 96 139
6 14 15 21 28 48 61 72 78 106 115 124
21 40 68 71 73 78 85 96 120 128 133 137
14 31 35 41 60 62 90 129 147
16 19 36 41 48 86 98 104 106 108 116 132
1 28 29 49 67 105 128 131 148
1 5 12 48 60 71 76 104 118 128
8 49 53 79 81 87 117 146
9 35 36 37 48 50 51 65 99 108 112 145 148
11 22 26 29 30 50 62 63 81 87 104 110 123
66 80 85 93 105 145
29 48 60 101 102 111 141
1 7 16 17 29 43 58 62 70 99 104 141
15 24 31 50 56 63 69 80 90 114 120 132
9 17 30 69 99 100 120 147
48 50 59 68 78 81 90 115 120 146
1 6 10 39 41 67 71 80 107 121 147
13 19 26 66 76 79 91
14 16 24 34 48 52 71 80 125 140
1 34 37 72 119 131 139 149
12 51 70 88 105 111
38 56 57 109 125 128 141 144
32 58 76 85 108 120
3 61 77 92 108 109 123 145
32 47 48 70 89 100 107 108 112 113 134 146
20 25 35 51 53 85 87 89 93 105 108 110 143
0 44 50 101 104 121 122
10 55 58 75 86 97 134 142
16 31 46 61 79 110 111 120 149
4 27 46 54 56 83 106
12 33 105 107 133 141 149
9 19 36 37 61 86 130
35 37 40 48 72 102 116 123 141
0 4 14 31 64 68 77 87 134 144
14 27 34 62 69 82 85 93 98 131 133
12 29 41 53 54 115
7 24 32 40 67 71 106 108 134
5 15 35 38 41 48 63 69 92 105 116 127 137
72 91 107 128 137 147
1 2 48 63 97 100 110 148
12 25 34 37 40 59 72 82 89 109 112 128 129
18 58 64 86 95 99 106
10 36 55 56 60 87 95 97 107 113 144 147
6 32 33 34 35 41 46 54 64 86 113 137 139
13 36 37 40 48 57 63 88 91 112 139 147
10 14 15 24 27 42 96 99 100 114 115 148 149
5 22 24 25 72 73 92 97 103 126 146 147
33 56 57 67 68 94 96 102 115 116 124 129 132
7 30 49 54 72 134
25 47 54 85 95 119 124
11 45 68 84 116 125 140
10 22 29 56 60 87 88 122 138
3 9 13 18 29 37 54 59 76 84 102 119 145
14 25 46 68 99 112 135
8 17 31 39 78 90 95 100 123 131 136 149
20 33 34 55 58 63 78 114 124 125 141
33 55 64 74 100 102 144 149
8 10 53 55 101 119 133 136
12 36 76 83 124 139
4 26 28 56 73 80 85 110 115 133 136
15 30 56 84 93 106 109 118 119 120 130 135
15 19 31 48 54 62 67 97 99 101 123 127 147
11 15 22 27 50 69 79 82 99 118 121 141
18 94 96 107 119 145
5 10 64 71 84 94 99 129 137
6 10 26 32 66 67 70 88 89 97 104 137
21 27 35 72 106 114
15 29 48 51 52 64 69 104 140 149
2 19 34 41 52 81 94 110 116 117
7 15 36 58 61 79 116 120 143
28 47 57 92 94 103 104 137
1 7 12 13 22 25 37 44 66 77 80 93 135
4 13 15 22 26 29 49 52 57 90
0 16 59 103 113 114
13 22 34 80 88 89 97 101 105 117 118 120 145
5 25 41 55 60 65 66 73 88 93 118 135 143
5 32 34 91 118 120 139
13 35 61 75 94 129
27 28 34 49 60 67 74 107 109 125
2 16 46 51 53 86 87 89 91 103 109 118 131
0 4 14 36 58 74 98 122 132 134 141 142
2 5 8 50 62 69 70 82 87 102 107 136 137
8 26 56 74 78 105 115 132 140
12 19 49 83 100 104 130 140 148
23 24 29 87 106 117 126 130 141
11 12 23 56 120 127 138 149
23 54 78 109 119 134 144
3 4 11 45 52 70 75 106 111 129 136 146
12 31 43 63 69 77 90 101 106 109 115 128
6 12 16 27 38 54 56 68 92 109 110 123 144
5 9 24 29 31 53 58 76 77 79 108 111 115
39 58 59 75 81 93 105 126 131 148
0 16 34 36 54 55 76 100 101 115 141 148
25 26 51 70 96 125 144
17 37 45 47 61 83 103 107 115 120 144
26 49 75 94 106 121
0 15 50 56 58 83 91 95 99 105 115 144
13 22 46 51 67 68 71 106 110 140 147
40 58 64 74 96 97 114 142 147
10 12 35 50 65 92 126
2 11 17 26 101 114 117 121 128 140
37 38 40 74 86 117
15 35 40 50 70 84 92 146 148
16 42 43 58 91 95 104
11 31 33 53 60 64 66 70 78 142
18 21 94 106 120 132 138
23 45 97 98 125 132 133 135
4 20 21 28 31 35 37 42 46 106 111 146
9 24 52 57 67 69 75 115 120 140 149
28 52 57 64 81 108
17 26 39 45 55 62 66 92 100 108 111 115
22 28 37 51 65 66 70 82 86 103 122 131 139
8 28 44 47 79 87 124 127
9 11 14 19 54 92 103 104 112 119 134
2 28 42 51 106 116 121 132 134 145
12 26 39 67 69 94 121 130 137 147 149
12 59 63 76 87 106 121
6 15 51 54 98 112 116 118 120 124 144 145
8 18 21 22 28 51 59 65 87 98 107 118 133
35 38 51 79 88 97 132
21 24 43 65 125 131 138 140 146
5 17 28 40 90 99 117 119 121 122 124 132 149
10 26 34 37 52 66 72 119 128 129 149
3 24 40 71 80 100 109 118 124 125 126 140 148
23 41 49 53 56 80 82 87 92 114 128 137
0 9 19 29 42 47 62 65 112 127
29 32 44 51 55 69 95 131 136 138 139
5 23 33 37 48 51 120 124 133 143
5 9 16 24 43 52 67 69 111 112 130 132 148
3 7 18 19 46 78 79 96 99
1 6 31 36 39 45 76 82 126
2 36 41 55 104 117 120 138
0 43 48 54 79 107 125 129 134
2 3 4 13 16 65 68 89 96 110 112 117 126
4 22 35 65 87 110 111 112 139
11 23 50 58 66 67 90 95
41 56 95 99 115 133
5 12 32 41 44 45 71 116 132
1 2 16 31 47 71 75 81 104 121 138 139 143
1 3 15 23 59 63 115 121 123 131 144
4 42 55 75 86 87 94 97 134 139
4 9 15 32 36 97 105 106 121 122
11 12 59 62 67 72 82 108 109 123
23 50 52 53 70 72 108 109 118 123 130 142
5 15 57 60 61 75 85 89 91 107 128 131 149
0 2 27 40 41 71 93 102 142
58 64 68 70 82 93 113 118 123
4 11 51 71 79 115
7 24 37 54 101 102 104 128 136 140
7 32 51 64 94 99 112 122
22 35 43 63 73 75 78 99 105 116 140
20 50 51 53 85 97 115 118 129 133 135
3 18 29 42 70 89 106 110 128 137
5 76 78 82 94 103 108 112 113 124 126 141
20 37 44 53 57 67 69 98
0 7 22 34 61 111
0 8 50 63 93 121 142
2 13 36 52 65 69 104 122 126 133
27 36 78 79 103 142
14 15 32 52 61 77 99 105 121 122 129 134 142
23 24 32 40 49 80 85 147
12 18 25 35 48 54 97 112 122 131 140
11 15 48 58 92 101 107 120 124 146 148 149
8 14 46 62 65 73 97 106 112 115 129 143 149
2 15 30 44 59 77 93 94 113 117 128 137 143
6 14 33 43 63 80 89 107 136 142
25 29 90 93 95 126
4 32 36 41 90 105 114 133 146
5 18 24 48 58 65 71 88 128 131 140
0 6 70 74 78 85 94 129 134 148
12 24 55 85 141 144
12 30 42 51 84 94 110 111 113 134 149
18 31 37 39 71 94 136
21 24 32 34 44 53 55 60 77 97 106 113
4 9 40 47 90 95 102 111 149
24 52 70 74 84 90 126 135 138 141 147
3 9 74 108 120 136
10 23 25 26 65 95 138 142 145
3 38 50 68 96 131 143
6 35 49 55 98 100 104 117 128 138
27 36 44 93 94 114 117
1 22 28 47 64 70 93 103 127 138 145
5 15 31 66 85 92 104 143
26 44 52 91 95 98 117 120 134 141 143
3 18 31 64 86 135
7 8 38 42 45 78 85 92 122
8 26 37 39 54 75 140 149
5 9 16 17 43 47 103 109 118 121 144
17 58 69 83 87 94 99 111 121 124 126
8 10 13 23 45 46 56 61 99 102 125
0 23 25 42 48 54 71 78 83 92 95 141
27 39 64 65 71 112 144
9 15 41 65 66 78 91 100 117 129
14 19 26 42 46 105 109 123 127
19 37 40 102 112 120 128 129 146
4 17 38 67 111 118 119 141
10 18 30 40 41 45 50 69 87 96 101
13 40 43 77 81 87 94 125 132 137
2 66 82 104 112 124 130 135 137 149
12 61 67 71 114 119
20 24 34 55 79 107 115 131
4 7 20 22 32 40 44 46 53 58 83 128
32 38 58 126 137 146
8 12 16 29 37 50 56 107 126 134
46 49 51 52 74 96 112 131 132
30 103 111 114 122 129 137 143
4 7 11 24 48 63 147
19 24 29 30 31 63
11 46 53 54 60 61 79 83 132
4 17 35 42 54 58 66 94 98 100 125 131 144
3 6 24 38 64 65 68 71 79 107 110 137 147
3 38 41 56 57 80 92 94 115 131 140
25 27 38 115 127 145
1 7 23 42 61 71 92
11 30 51 64 69 89 93 101 119 123 128 132
2 11 14 28 48 67 103 123 139 144
7 9 15 43 95 131 134
8 22 38 45 57 85 126
39 68 83 84 101 116 124 127 143 144
7 55 64 99 103 146
13 17 36 39 46 109 122
48 49 72 86 132 145 146 148
11 19 43 72 75 101 128 134 149
26 44 50 55 71 78 118 128 145
12 15 44 64 136 147
20 22 40 45 61 74 84 91 137 139 142 144
6 31 67 80 81 84 88 92 98 103 133 140
49 63 68 71 72 84 114 127 131
6 32 59 100 129 149
3 4 12 14 17 22 33 39 65 76 144
33 43 56 70 99 103 113 125 138 145 146
12 51 59 69 86 92 102 149
13 24 58 62 85 123
2 16 32 34 42 55 64 85 115
44 56 100 108 120 125 144
16 33 35 46 56 62 64 75 91 98 122 137 143
8 31 52 55 108 110 112 114 139
2 21 37 39 75 105 109 111 112 114 115 119
6 20 24 69 97 112 119 126 144 148
23 42 59 100 128 143
15 29 31 53 71 96 119 143
5 35 41 49 52 130 143
4 13 48 73 105 133 141
40 54 98 103 123 127
37 50 56 89 105 134
9 14 21 66 100 105 116 121 123
1 7 8 35 40 58 62 73 105 110 123 142 149
33 37 58 95 98 124
2 13 18 23 43 51 79 87 92 135 148
5 11 21 23 32 51 104 106 112 121 123 131 142
2 3 6 45 67 71 79 101 135
24 44 47 48 56 72 89 115 128 140
16 54 83 85 92 106
7 24 40 63 82 110 120 123 128 132 138 147
9 14 21 27 34 54 60 70 130 131 134 139
13 18 27 29 38 39 42 67 81 114 130 131
12 43 55 69 75 111 122
1 4 18 41 55 59 68 83 89 108 131
23 31 41 62 65 73
11 13 20 37 60 64 69 100 102 114 122 128 146
16 24 31 37 55 58 69 72 79 92 100 110 139
6 35 49 69 83 149
17 25 46 81 117 129 139
19 23 24 35 42 71 73 80 111 112 126
34 46 49 52 59 70 85 122 133
53 75 78 80 89 133 137
0 16 26 47 81 94 97 106 113 128 143 145
8 45 51 64 80 111
32 44 59 63 74 78 97 101 105 118
27 33 37 39 46 52 59 63 66 85 101
22 62 74 90 105 113 118 137
6 8 14 44 51 72 76 80 90 112 144
54 65 71 100 131 134
19 36 40 41 49 57 108 120 145
20 30 97 98 120 133
0 58 97 100 112 123 125 146
21 23 28 30 69 77 90 93 96 109 130 131 145
12 32 48 57 74 75 76 86
71 73 79 83 102 107 109 131 137 143 147
11 16 58 60 70 78 79 99 101 103 116 147
15 19 66 92 106 147
10 16 34 35 52 85 101 105 109 133
8 12 16 24 25 26 28 31 80 103 106 117 142
5 20 39 42 66 72 76 78 83 145
3 4 29 41 108 113 134 140
29 40 44 71 73 88 105 117 128 139
24 32 35 47 100 101 102 107 136 142
4 12 16 27 29 42 57 71 80 81 92 113
31 40 43 44 67 73 98 103 104 109 111 113 121
4 19 30 82 88 120 131 137
5 10 49 58 65 72 104 118 139 145 146
5 22 35 63 79 88 95 114 118 125 144
22 24 43 55 63 72 81 88 100 129 136
30 34 66 68 99 108 109 111 112 149
5 16 48 53 114 138 149
26 37 43 44 46 51 92 111 134 142 145 146
16 34 48 91 127 131 138
20 71 110 112 124 125 134
18 23 31 41 55 64 78 83 89 99 117 140
16 17 35 51 62 64 71 72 77 79 92 120 126
18 53 54 91 113 120 121
0 2 3 16 22 29 73 118 133 146 147 149
9 11 25 47 48 59 80 92 120 127 136 137
33 35 38 41 79 85 100 117
20 27 29 38 43 55 141
7 26 50 71 135 136
19 21 27 36 52 107 113 127 141
38 49 54 80 97 106 107 119
37 81 87 93 117 120
5 7 11 17 30 84
8 30 42 46 51 52 111 136 137
4 7 9 11 46 49 59 64 74 75 81 119 128
19 28 45 50 70 93 115 129 142
9 14 21 38 46 70 75 82 100 102 139
40 73 74 77 82 86 88 105 125 130 136 140 142
8 23 62 80 87 92 108 120 126 128
17 24 28 68 95 99 107 127 131 134 135 149
31 59 70 76 101 117 129 132 139
2 3 6 32 36 72 78 126 127
17 37 41 54 97 115 119
18 40 53 61 73 93 102 105 124 128 143
2 7 28 33 46 57 69 132 145
22 56 61 72 101 106 122 126
25 31 40 48 53 69 73 101 105 110 132 137 138
5 11 27 63 64 65 85 88 128 129 136 140
8 10 21 68 82 100 101 106
6 49 50 68 75 90 93 111 141 142 149
16 17 24 26 43 45 104 105 110 120 128 146
11 17 66 80 86 107 111 149
6 9 25 28 68 70 81 87 91 106 140 147 148
15 26 43 45 46 57 98 108 126 134 149
39 64 92 104 112 128 136 139
32 37 46 78 86 87 94 112 131 134 139
10 18 38 65 74 81 83 106 121 124 131
16 38 39 63 77 78 86 90
10 13 50 54 58 76 95 112 119 140
11 46 50 74 87 108 112 144 145
3 25 28 38 47 54 55 57 62 95 106 123 129
10 18 21 65 66 77 123
23 36 40 52 84 99 105 108 148
30 33 38 45 63 92 104 107 112 141 147
8 21 37 43 51 52 116 135
1 18 67 78 85 98 101 102 107 114 144 145
2 33 50 51 64 65 71 74 143
21 51 53 61 129 131 144
3 9 16 31 67 70 78 84 89 93 120 125 147
5 69 79 84 91 92 98 102 116 120 141 148
20 32 36 42 53 74 87 96 102 110 131
0 35 63 70 75 81 97 118 134
1 13 15 32 37 48 52 58 68 80 102 108 145
0 6 13 24 46 77 105 118 126 131 148
44 55 60 86 110 132 135 144 147
4 18 19 22 43 54 65 71 138
0 64 68 135 138 146
4 14 15 23 25 35 50 65 111 114
14 18 23 30 61 95 107 109 132
2 3 26 77 86 95 98 114 124
19 65 67 76 100 101 105
4 17 22 33 50 62 70 85 93 107 127 145
22 72 84 105 127 133 145
25 73 82 83 92 97 98 99 110 111 115 120 130
34 37 54 58 74 89 92 101 117 121 134 139
3 6 8 39 41 51 71 75 79 95 119
24 55 59 72 83 90 123 127 128 135 143
30 31 47 57 95 102 122 131 138
10 14 17 20 24 54 55 59 86 113 121
6 14 21 41 56 87 91 118 130 132 133 136 144
3 4 9 25 57 74 119 127 136
4 10 53 58 71 88 125 126 143 148
0 33 43 54 67 86 110 113 137 142
35 51 62 108 114 128 130 132 136
17 21 41 67 77 107 110 119 126 133 138
6 21 63 74 87 100 126
23 48 73 74 85 86 94 96 104 111 120 133 143
18 23 24 38 67 75 87 99 100 107 111 122
23 38 39 53 58 60 67 71 72 85 108 133
30 31 50 59 77 104 136 139 147
18 19 25 43 49 68 83 89 103
2 10 50 54 67 83 88 89 119 122 140 142 149
11 12 23 64 69 87 93 97 120 124 132 134 139
1 12 76 78 84 123 125 126 127
13 20 26 35 86 89 145
21 34 43 57 62 82 92 93 101 107 145 146 149
22 26 33 43 50 60 79 95 116 135 140 142
1 2 3 29 32 68 77 78 87 137 146
3 7 16 37 68 75 79 102 126 131 143
1 4 43 57 74 115 117 129
6 15 24 32 46 62 88 133
0 12 46 54 56 64 65 67 76 80 82 92
32 35 41 78 95 133 134
6 23 32 37 45 78 79 101 124
6 8 18 24 30 46 56 57 60 83 89 110 141
5 21 24 26 47 51 63
23 32 40 70 83 91 112 129 137
21 26 29 105 138 145
14 22 23 44 75 112 116 139 141 148
33 34 47 51 85 109 112 119 141
35 78 93 113 125 135 138
0 26 35 49 51 67 94 98 104 134 139
12 15 27 80 104 114
8 20 35 40 61 70 75 92 125
6 20 28 40 46 49 56 64 75 90 95 96 142
6 20 49 61 68 88 89 91 93 104 106 137
14 22 30 46 47 48 56 59 65 79 81 91 143
16 28 49 52 57 67 69 75 94 109 115
5 15 24 44 50 114
14 65 86 111 114 117 135 142
2 14 32 52 69 90 92 96 104 107 110 118
1 3 17 22 88 94 114 117 124 137 141 145 148
43 44 49 109 118 131 136 138
21 30 31 33 46 79 95 122 136 145 146
2 7 41 46 54 76 84 108 109 122 142 143
5 21 40 71 96 121
26 37 63 81 109 143 146
4 14 22 23 24 42 46 63 70 91 143
3 27 31 38 45 54 55 86 99 105 126 132
17 39 85 109 111 147
11 12 17 48 49 59 71 94 115 148
32 53 57 79 104 117 132
3 37 41 42 44 97 119 124 132 145
3 17 26 56 58 69 77 86 104 105 128
2 11 21 40 41 70 76 128 148
40 44 66 118 127 134
21 30 34 38 96 97 100 103 110 111 115 116
11 41 68 82 85 128
6 16 45 67 68 71 72 93 97 113 122 128 148
0 11 12 14 42 44 68 73 123 131 137 141
17 19 20 21 46 68 73 83 101 116 121 122 140
58 62 64 117 131 133
7 32 45 50 62 64 66 70 81 85 128 135 136
1 21 25 39 67 77 78 111 112 122 144 145 149
16 22 44 57 65 72 82 97 107 116 118 123 148
2 8 22 48 51 89 91 103 139 145
32 43 76 84 96 102 135 145 148
9 19 28 31 48 63 69 72 81 101 130 138
4 26 36 48 82 105
9 27 34 37 50 51 78 95 96 105 106 122 140
11 51 63 76 104 121 132 145
0 2 37 84 109 112 134 141
6 7 40 56 58 65 103 110 119 134 144 145
0 4 6 13 15 55 66 74 93 125
8 16 64 71 76 80
7 17 30 46 48 89 96 109 118 139 146
6 26 46 53 71 112 123 131 132 141 149
8 11 19 42 45 50 52 62 81 99 141 146
29 33 44 92 95 140 143
4 6 15 33 65 130
18 21 45 55 57 84 94 105 111 119 133 137 140
17 22 31 63 69 93 105 123
3 48 55 74 76 85 132 137 141
8 29 32 36 52 66 78 104 134 146
21 60 64 91 97 147
2 15 23 27 78 84 110 112 122 130 142
34 79 93 96 97 102 132 140
7 12 24 48 72 98 105 130 136 148
24 34 36 47 90 95 98 137
31 36 79 91 99 114 134
2 19 22 27 37 59 76 80 93 119 143 148
5 51 55 113 114 138 148
16 21 33 34 36 41 48 52 61 63 65 119 127
0 19 38 79 85 106 117 131
6 14 26 28 32 36 50 61 85 112 118
22 24 48 77 89 108 112 135 144 145
2 12 62 75 81 84 95 114 124 135
4 11 31 37 44 53 66 71 83 101 111 119
2 5 20 21 30 36 40 83 84 104 107 143 146
31 47 67 86 89 91 102 112 113 117 120 123 143
3 15 17 25 33 42 55 58 62 70 85 117 147
9 27 30 42 56 59 115 120
22 55 61 95 121 143
41 68 69 73 80 99 104 136
11 33 35 39 51 55 62 77 84 95 102 126 127
13 17 29 43 55 67 76 79 89 96 103 116 132
16 20 25 29 38 40 52 55 78 93 128
6 7 17 18 29 64 67 97 139 144
25 31 44 45 57 62 143
1 14 15 21 51 104 124 127 136
29 52 64 79 105 108 139 143 146
5 21 40 55 76 84 117 119
34 56 59 82 98 137
10 76 92 102 104 111 127 128 141
2 50 77 106 137 143
6 17 50 71 86 98 100 126 130 136 137
1 76 82 95 127 132
11 69 94 109 112 120 139
32 81 92 94 131 135 136
2 4 6 78 86 87 103 121
34 83 87 106 111 134 147
10 11 15 21 69 118 124 134 137 139 146
23 35 50 82 95 113 135
2 36 39 59 79 92 125 146
2 16 46 47 58 63 74 77 82 119 121 124 132
15 21 29 45 53 68 90 117 121 137
6 11 19 45 60 87 95 99 101 122 123 138 142
1 4 5 9 23 27 32 94 116 118
2 37 66 102 106 127 140 147
19 27 28 58 64 68 70 97 98 124 127 141 149
17 40 46 57 59 69 102 145 149
5 34 56 89 106 116 118 119 131 132 135 143
3 24 35 36 61 105 120 133 135 149
0 8 17 27 38 42 53 63 80 90 104 105 132
4 37 38 53 66 71 73 79 80 94 121 134
5 23 35 55 86 95 107 140
46 58 63 71 87 113 119 123 132 136 140 144 149
1 26 52 78 96 97 107 112 123 137 147 148
42 90 99 108 110 120 128
5 12 24 38 42 59 67 72 80 87 89 108 126
32 34 47 54 73 75 80 104 138
23 33 41 57 68 74 75
16 26 39 43 55 65 83 98 103 117 122 132 145
1 15 37 42 106 121
9 41 53 70 78 80 98 121
1 42 45 74 99 103 117 130
22 46 77 83 90 100 119 133
5 24 52 62 64 72 112 116
2 37 38 47 84 85 95 120 125 130
8 17 39 40 56 77 92 98 105 107 118 147 149
29 38 58 94 96 111 123 135
17 20 36 53 85 147
10 25 48 79 82 103 104 109 111 120 135 140 144
12 60 61 76 93 107 109 112
6 12 26 46 47 53 62 66 82 92
41 51 76 98 112 130
5 10 30 86 87 121 128 135 143
35 54 69 82 99 121 124 135 147
24 26 39 49 55 73 110 126 129 138
0 25 37 59 62 69 73 98 99 104 146 148
0 27 67 72 75 77 93 97 99 104 112 145
1 67 77 79 93 113
6 23 30 38 62 87 109 116 140
8 19 28 29 60 66 73 75 105 120 143 147 148
12 29 33 40 42 62 88 101 106 108 127 148
1 11 21 43 62 88 104
1 6 17 20 37 57 75 96 116 120
21 27 28 31 53 57 112
3 21 88 90 95 107 113 114 142
8 52 61 83 95 118 139 145
1 8 11 67 75 87 102 122 145
15 36 38 47 66 81 88 90 99 111 114 144
2 3 17 46 58 73 83 102 103 128
16 27 43 49 52 53 94 124 129 134 148
12 14 16 21 26 39 49 78 81 96 113 114 124
2 7 46 49 56 86 105 120 141
13 21 56 62 65 97 100 113 126 133 142
0 13 42 61 77 82 86 111 116 129 134 135 144
4 11 13 53 59 71 90 95 110 120 121 137 148
0 17 18 38 41 66 113 118 125 134 135 149
5 24 25 51 52 69 84 88 95 119 120
8 10 19 66 89 109 119
56 78 85 90 127 130 147
19 23 24 45 115 116 118 139 142 143
5 23 24 35 50 55 76 79 91 107 114 130 133
37 47 55 69 82 96 109 135 140 144
4 12 13 19 29 43 62 64 75 91 97 110 147
11 31 48 55 95 132
47 56 62 89 99 130 144
9 23 27 49 52 78 93 101 110 124 142 148
23 32 61 87 98 116 119 120 140 147
1 56 67 71 86 87 112
14 37 61 65 66 77 91 102 104 110 118 143
68 87 103 107 116 120
19 39 70 92 100 111 115 147
48 63 74 92 97 98 117
48 70 101 104 117 133
0 16 21 43 50 69 106 107 112 119 124
3 6 11 13 17 43 66 72 74 85 90 128 132
45 49 81 102 104 114 115 116 117 127
21 47 68 75 86 145
2 15 17 35 91 130 131
6 32 73 84 105 121
34 55 93 94 97 103 120 132 142 147
11 16 24 53 54 103 116 133 148
27 66 89 112 135 141 146
2 4 6 23 44 87 99 118 120 144
51 69 83 88 114 131 141
3 11 33 34 67 70 85 98 103 131 133
10 20 50 57 70 77 87 136 137
6 36 56 61 94 96 101 102 131 142
19 29 30 39 68 69 74 108
44 67 70 89 130 144
1 21 36 39 41 42 63 84 118 134 138 139 142
17 25 50 51 60 63 72 109 131
1 20 36 60 81 86 123 138 140 141 145
5 23 26 28 39 40 54 62 80 103 112
23 28 29 30 49 55 61 68 77 83 104 108 113
18 19 20 37 53 70 82 86 146 147
13 44 96 99 116 125 141 148
17 29 33 36 53 72 102
6 16 27 31 42 50 61 62 73 100 107 128 141
31 32 34 45 57 61 67 69 73 87 94
31 37 40 65 82 85 119 144 147
20 22 36 45 63 69 78 88 96 107 115 132 137
11 21 22 49 71 73 79
16 23 35 44 47 64 78 97 114 130 144
4 40 62 122 137 149
10 15 21 54 66 73 83 87 94 96 98 100 136
4 8 20 33 59 112 138
2 24 83 105 135 136 137
54 102 105 125 127 135
12 31 42 49 67 72 80 93 109 110 136 148
56 86 90 106 109 110 119 144
4 6 18 28 39 59 61 79 109 117 135 136
24 56 57 59 75 95 110 139 146 147
19 68 78 84 113 115 123 127 138
54 56 61 101 107 112 114 115 125 149
2 8 9 10 13 18 41 46 85 106 108 122 137
5 18 23 75 86 87 93 116 122 125
12 13 15 26 66 74 86 87 88 107 140 143
6 24 33 45 47 56 60 69 72 94 96 135 148
25 31 60 80 101 104 111 132
4 21 36 47 72 85 86 95 107 108 118 132
6 26 31 57 77 87 90 91 99 106 113 135
4 13 19 20 25 38 39 104 107 131 137 144
16 51 95 101 119 124 138
23 33 37 103 119 125 142
32 36 47 68 69 115 119 125 135 140
11 32 74 76 88 92 100 104 116 136 149
2 9 24 41 74 92 119 126 147
4 71 86 91 129 131
0 12 45 54 92 107 113
18 34 39 49 85 91 95 109 124 141
8 66 70 96 119 140
7 10 56 67 80 97 106 139
63 66 74 83 122 126
9 20 22 87 104 112 115 137
31 34 82 89 90 107 113 123 124 127 135 145
6 10 52 57 66 95 109 110 115 117 149
0 2 48 73 85 95 100 121 126 132 148
1 45 49 50 86 90 119 123 124 142
7 10 11 41 53 58 82 95 111 138 148
10 16 27 40 76 92 101 105 131
11 35 68 70 87 99 120 140
27 32 46 55 59 71 80 81 82 89 107 109 141
0 8 12 15 20 46 82 101 118 121 127 133
3 8 17 19 44 85 95 111
22 37 67 78 92 109 134
29 42 45 50 58 59 61 71 98 109 128 135
1 3 11 25 72 131 141
0 5 11 15 25 27 40 46 74 80 98 111
8 36 39 65 119 141 145
9 12 16 36 42 87 103 117 119 130
15 25 49 64 102 105 112
9 18 29 52 67 98 117 121 125 143
16 26 31 49 63 71 82 89 92 99 104 113 124
6 18 37 42 44 79 85 96 98 101 107 116 127
13 17 21 68 85 89 103 131 135 146
21 22 54 63 108 110 133
2 9 15 16 43 55 63 79 89 91 99 100 111
32 44 66 92 145 149
11 16 54 86 88 120 126
9 59 117 127 138 140 142
3 16 19 45 54 71 76 97 115 116 130
11 39 60 69 82 91 98 124 125 129 141
41 55 81 103 108 122 140
43 68 75 107 117 148
1 7 14 47 56 73 86 98 133 145
4 14 28 61 69 80 87 97 107 112 126 127 149
10 14 41 47 83 88 101 107 111 114 127 146
7 32 39 82 94 101 113 148
18 41 77 82 92 117 126 138 145
5 27 34 36 60 83 124 137 144
43 47 55 60 75 76 89 92 106
1 10 18 29 51 69 116 147 148
6 16 30 43 46 93 119 129 132 134
23 46 49 51 62 80 90 132 134
1 6 26 27 35 54 82 97 100 112 115 127 128
4 7 9 14 21 54 57 66 88 94 114 119 128
5 22 35 55 74 80 116
14 17 21 41 62 106 121 131 144
3 29 70 71 73 91 117 125 131 148
15 64 68 75 86 114 119 121 134
5 65 76 83 97 118 137 138 144
24 41 61 64 81 82 91 129 139 140 145
19 64 74 80 119 121 127 135 148
37 58 77 88 103 133 134 149
9 13 19 21 24 30 42 66 94 100 125 131 147
2 5 18 40 43 49 68 75 92 127 135
18 44 99 121 133 140
12 14 21 51 61 65 100 104 120 131
22 50 55 84 95 119
5 11 53 66 94 130 134 146
3 6 15 17 26 55 61 78 81 101 116 127 133
29 46 49 67 89 92 95 125 137
41 45 93 94 107 108 111 130 140 145
29 41 48 83 101 128 142
3 11 26 27 69 94 111 120 121 126 136
16 26 34 53 64 77 78 79 92 96 98 147
8 28 32 46 118 122 126 145
41 44 51 65 79 103 125 135
19 42 45 54 72 92 95 114 115 135 138
18 23 37 54 104 119
2 38 66 82 87 115 122 125
2 3 11 34 57 93 95 121
22 28 42 50 74 88 89 95 107 138 145
9 23 43 45 51 57 72 84 86
16 18 49 50 97 99 143
6 9 21 23 25 59 74 140
5 13 46 56 63 85 86 96 137
20 50 53 91 119 133 139 146
11 56 59 68 76 77 79 110 113 116 128 129
10 15 16 28 36 40 53 73 101 120 122 127 138
0 24 34 40 64 79 108 113 117 131 137 144 149
16 21 22 24 25 68 69 82 84 91 97 103 133
21 35 41 65 77 85 103 114 123 139
21 36 65 80 132 139
13 45 48 49 71 74 76 79
10 43 55 74 84 94 97 100 111 140
36 43 76 78 83 85 93 99 105 108 129 140
47 50 57 113 115 118 123 131
77 91 96 107 139 149
40 63 69 85 93 134
4 13 34 40 46 76 77 90 95 114 147 148
34 65 92 93 99 107 109 130 133 140 143
6 31 87 98 122 128 132 133 142
40 60 69 73 117 146
9 52 70 82 92 109
4 49 58 69 87 113 127
10 12 23 38 47 56 64 77 86 90 119 123 131
28 35 38 52 59 93 115 142 143 148
10 15 49 56 57 59 75 93 106 108 125 138 143
28 32 36 45 82 85 101 113 116 120 132 143 144
10 21 32 50 73 87 118 119 125 139 149
7 28 38 42 50 54 70 88 98 115 129 137
4 67 68 84 85 87 89 91 95 99 117
10 12 53 59 88 98 122 144
17 37 87 90 102 106 109
7 21 57 66 71 73 104 105 120 130 143 145
0 32 36 56 86 103 107 108 116 134
4 8 28 35 42 60 66 97 115 123 142 144
39 47 52 112 123 146
14 43 59 62 93 102 119
6 21 50 57 59 82 144 145 147
8 13 37 51 84 133
14 20 29 52 92 132
23 47 70 74 90 101 113 120 121 131 133
6 10 24 36 47 63 85 112 118 135 140 142
3 7 18 37 40 45 64 68 87 95 139 145
12 19 34 63 95 96 132 133 137 139 143
3 22 31 59 61 62 87 89 91 92 99 138
47 52 79 86 93 95 141
6 37 62 75 86 92 101 126 129 136 144
11 42 52 68 85 101 105 113 116 130
4 13 44 63 67 80 107 111 118 120 124 135
12 24 52 73 90 91 94 98
9 11 19 28 40 45 51 60 68 73 94 116
0 5 10 13 18 19 40 47 85 93 111 118 119
15 23 39 40 52 59 73 74 76 86 96 106 138
2 18 22 33 37 58 75 92 134 139 148
18 35 38 96 98 101 115 123
5 29 43 49 89 105 111 133
13 23 29 51 56 67 80 98 104 132 137 140
6 7 23 29 57 67 72 77 79 80 90 125
24 38 47 60 86 118 119 125 133
48 53 58 76 101 110 123 149
22 24 39 40 42 53 71 82 102 122 123 128
3 5 27 29 42 68 74 82 98 109 111 130 131
3 4 61 77 90 106 114 119 136 148
22 23 31 43 45 50 52 61 73 127 134 138
0 18 21 27 51 56 61 75
11 25 37 52 65 83 93 99 103 105 149
24 26 43 48 51 52 57 72 74 84 89 125
44 50 67 77 89 93 103 114 135 140
24 40 48 79 121 123
29 47 52 125 135 143
37 44 45 47 55 61 81 112 115 118 142
10 16 25 55 58 71 72 104 121
12 32 41 90 101 109
9 12 20 80 82 83 99 138 141 145
8 29 36 39 40 41 92 109 132 133 139
20 22 26 29 80 87 97 103 130 141 146
1 19 23 69 113 127 134
8 41 42 52 55 79 92 93 97 99 105 109 115
13 16 17 20 23 32 92 98 106 116 117 127
4 33 48 84 86 138 142
7 8 42 56 57 58 80 91 93 111 134
2 18 21 28 32 34 54 58 75 77 101 104 128
1 14 29 85 102 119 122 147 148
12 17 50 61 81 87 92 98
10 48 107 110 111 135
9 11 33 37 88 95 102 103 118 121 143 147
11 20 21 29 41 43 46 64 103 109 125 149
36 43 59 60 63 95 134 137 139 140
2 16 33 46 59 74 89 110 130 131 149
16 17 24 25 32 43 48 70 73 88 98 131
35 36 51 72 82 85 109
4 6 17 33 38 48 58 59 76 93 124 130
0 2 22 26 44 54 62 110 112 118 124 131 145
4 35 37 48 80 91 100 115 125 126 137
11 21 35 57 75 102 110
27 40 74 85 99 109 128
14 28 43 46 48 50 88 112 117 132 135 144 147
2 18 21 27 87 91 112 132 134 135 143
21 30 35 49 59 102 110
1 4 24 58 59 77 95 107 127 131 132 140 145
8 22 29 51 52 67 72 84 102 114 132 138
10 39 61 83 84 95 98 103 114 115 118 134 142
11 22 42 68 69 104 107 144 149
9 17 23 24 57 63 120 126 143 147
8 79 105 121 146 147
5 15 27 45 73 74 81 83 128 131 142 145 147
10 13 45 48 69 131 135
49 56 62 79 84 87 89 103 122 133 134 138 148
15 27 35 39 41 64 86 104 109 131 136
8 12 25 41 48 51 84 100 131
57 58 65 87 88 109 124 140
21 41 45 50 63 64 67 79 99 134 137 141 149
28 40 50 58 62 80 97 103
0 7 14 27 50 57 87 89 98 112 135 137 146
13 57 119 122 127 139 142
19 63 64 65 97 143
7 12 13 51 71 72 95 105 135
55 63 71 80 86 87 102 117 120 134 144 149
15 19 43 44 67 117 118 139
2 25 60 77 79 84 92 102 115 127
5 22 33 68 90 130
5 14 15 25 59 60 72 83 109 117 121
0 6 7 49 56 68 76 80 83 86 89 110 131
28 47 70 73 99 111 117 119
5 9 14 61 62 68 116 147
26 52 56 90 107 111 119 121 128 140 147
12 25 47 60 75 77 78 87 105 110 129 133
18 46 56 57 83 88 103 105 121 122
0 4 6 14 23 51 61 90 91 102 117 118 131
9 44 49 51 56 80 95 102 105 118
7 25 55 94 96 117 119 124 127 133
9 32 39 42 54 55 134 149
2 56 64 74 75 91 116 128 129 144 146
4 34 52 53 57 60 81 90 117 125 127 136 145
12 24 26 46 50 56 67 71 90 108 110
39 41 83 113 114 125
37 40 58 72 94 100 115 118 139 143 147
8 16 20 62 100 106 109
2 4 12 41 59 72 82 115 123 124 147
17 40 58 62 71 110 114 120 138
32 45 55 97 126 140 143
0 17 46 59 80 83 97 110 126 139 140
3 6 19 25 72 84
17 37 51 62 75 76 94 97 144
10 11 14 43 47 50 55 91 95 149
0 20 39 42 43 51 54 62 109
23 40 44 58 62 75 89 96 133
9 27 30 33 36 49 72 112 123 125 131
34 48 63 72 100 113 117
20 32 51 58 71 78 86 95 97 98 132 147
9 20 46 68 70 80 87 149
18 30 31 53 82 84 114 116 123 131
21 33 51 52 55 68 83 122 128 129 136 141 149
1 25 27 29 47 64 68 71 75 76 105 129 130
6 11 17 53 56 71 84 102
3 23 41 59 61 71 96 134 147
7 12 29 48 62 79 98 109 110 113 121
15 23 62 68 85 86 96 113 116 122 125 137 149
9 14 34 41 45 54 57 103 121
59 64 70 104 138 148
10 21 72 105 107 128 138
7 45 65 68 88 89 133
2 25 30 56 57 106 123
9 26 28 79 99 100 125
8 77 91 106 130 131 135
0 3 43 74 85 93
58 68 77 84 101 108 113 138 147
7 35 41 52 53 54 74 75 132 139
8 9 16 32 63 71 95 97
38 52 54 77 104 105 111 132 139
12 33 45 64 98 104 105 149
27 55 74 89 97 106 128
6 24 25 31 36 55 68 70 73 86 127 139
13 32 39 68 92 98 100 105 138 147
1 26 30 42 96 118 124 126
24 35 58 65 101 119 123 144
10 14 83 84 95 97 113
75 102 107 132 139 141
27 29 40 75 100 123 139 145
72 103 105 126 128 130
0 14 18 41 47 72 106 113 126 131 148
2 24 25 35 40 44 51 75 76 78 100 135 140
23 41 42 45 53 57 58 88 102 105 114 144
22 38 46 72 78 82 92 99 106 120 130 144 145
0 1 31 40 48 55 83 125 130 147
17 20 23 41 74 78 82 100
9 30 31 47 75 78 97 102 141
19 49 57 77 80 128 130 136
17 25 36 54 70 78 83 91 94 105 112 121
15 28 41 53 74 112 113 118 125
2 3 11 81 85 88 105 106 117 130 135 145
10 11 13 27 29 44 59 132 149
6 20 21 26 130 137
3 14 70 72 100 124 136
3 26 71 76 82 94 121
22 24 36 46 52 135 145 146
0 12 21 63 68 83 109 110 111 114 115 128 147
10 14 27 68 71 103 106 110 116 129 149
19 23 51 72 86 93 124 137 148
4 14 47 51 69 76 104 107 117 126 130
2 22 34 46 52 65 75 93 106 107 123
3 28 35 69 72 77 84 92 106 136
7 12 48 53 54 66 114 134
0 7 32 37 46 60 73 76 79 111 133 141 148
63 64 65 66 90 102 106 107
4 7 9 67 91 106 114 125 140 144
1 31 44 67 72 102 105 109
32 62 81 94 106 116 145
1 7 16 21 66 75 80 88 95 124 136
31 39 44 46 62 95 120 143
5 7 26 34 51 59 77 88 90 119 125
31 42 47 81 107 113 138 140
2 50 61 75 77 78 106 114 122 132 144
3 19 45 75 82 83 110 114
13 37 39 49 70 103 121 126 133
4 5 14 22 47 48 64 67 103 110 113 130 139
2 4 65 72 75 110 114 115 118 119 141 147
1 2 39 58 94 100 108
29 32 48 49 57 60 62 69 81 92 102
5 31 36 57 68 71 76 87 97 112 139 142
26 42 86 100 131 135 145
28 35 68 83 100 103 113 114 145
15 19 29 36 64 71 74 82 91 94 111 147
