0 1 12 27 33 37 40 62 99 111 126 130
1 6 32 36 56 58 60 62 79 98 106 107
16 30 46 66 70 92 93 96 108 109 112
22 29 67 80 95 126
21 26 63 97 106 112 122 136
30 40 42 44 81 99 106 124 138
25 72 75 85 108 140
57 62 68 76 113 145
30 35 36 39 52 63 65 81 99 130 143 145
15 19 40 41 42 88 89 94 98 111 118
6 11 13 14 17 23 45 58 78 139 146 147 149
2 31 48 66 73 106 114 125 128
24 33 40 47 56 60 74 91 114 137 145 146
3 28 51 87 98 104
0 24 28 32 48 54 97 98 124 130 135 137
4 66 76 96 104 108 123 147
7 27 45 60 100 105 114 135
26 31 60 101 109 111 125 132 141
24 41 43 72 78 79 82 104 115 117 148
22 31 32 106 112 119 140
12 27 35 41 47 62 72 75 134 142
3 43 99 110 118 125 139 142 144
12 19 22 43 44 78 91 119 122 131
5 48 55 68 75 79 94 101 103 108 133 136 146
41 55 111 122 130 145 149
5 12 36 70 92 119 131
19 40 50 62 94 97 116 133 135 139 144
3 13 15 29 40 47 74 80 82 94 107 115 141
8 27 48 64 82 96 103 114 122 135 149
35 48 53 117 118 136
7 14 20 22 38 57 61 64 66 77 93 108 112
34 39 44 50 141 144 145
2 24 32 50 68 90 109 111 123 126 149
10 25 29 38 57 98 119
13 28 67 77 106 112 116 144 146
2 4 63 66 112 129 131 136
1 14 19 32 71 78 107 119 128 143
23 29 62 88 120 140
10 38 39 79 110 127 132 149
0 10 30 36 41 62 70 73 83 93 126 134
14 17 24 28 34 88 95 128
2 5 53 82 106 113 141
9 39 48 61 90 124 126 127 129 144
13 36 42 53 63 86 100 111 114 133
34 57 58 59 70 84 94 96
17 28 30 40 50 54 58 92 96 112 140
6 67 72 80 82 86 101 110 118 127 139 142
3 39 47 94 95 125
2 4 12 13 23 33 34 55 63 92 107 129 133
20 43 71 104 105 110 126 145
25 34 42 65 83 99 104 113 137 140 146 147
20 39 75 101 124 138 142 147
38 40 56 68 83 84 95 105 144
6 8 14 39 68 69 70 75 82 92 128 142
11 23 30 34 59 80 83 85 101 106
5 21 32 59 97 99 104 105
16 23 74 116 117 125
0 18 42 67 77 123 129 131
6 25 37 74 84 108 121
4 12 24 27 42 62 65 68 94 95 144
5 16 38 39 61 73 74 82 86 112 119 121 123
0 34 60 80 89 99 131 138
38 47 50 53 59 84 86 111 112 115 137 147
11 26 37 66 103 118
7 15 23 39 44 87 93 103 106 135
2 12 38 60 99 102 124 149
5 23 35 41 50 51 78 83 86 91 114 131 138
4 5 39 89 98 106 129 134 141 148
41 44 66 87 100 113 136 146 149
1 3 9 12 18 32 39 56 65 87 120
17 33 47 56 75 90 103 109 114 115 139
16 47 60 107 117 144
16 60 64 65 69 70 82 85 116 129 140
27 28 31 50 52 107
11 41 46 66 74 86 96 111 123 144
63 72 85 87 95 104 127 141 149
11 12 17 55 67 89 90 110
5 14 25 46 50 87 95 107 108 111 112
36 46 54 55 77 134
0 20 28 39 43 56 58 90 128 131 135 140
17 18 28 29 36 63 92 95 112 146
18 24 33 52 53 81 123 147
16 31 36 43 62 79 90 106 126 128 145
21 43 54 93 111 129 132
44 82 94 96 98 136 143 146
7 27 32 38 49 68 99 113
65 93 100 113 130 142 146 149
0 10 13 17 22 47 72 88 107 114
20 31 40 60 102 138 148
1 18 19 65 78 87 94 101 104 148
0 37 47 59 65 78 95
7 32 34 48 54 63 93 97 127
41 49 65 84 88 101 104 141 148
2 9 18 31 33 35 36 74 91 95 102 105 133
7 32 36 44 59 72 79 100 114 121 123 141 147
7 9 31 42 52 147
3 10 72 76 93 95 113 128 137 143 149
1 5 29 57 107 110 122
8 14 46 61 62 105 123
4 5 37 39 48 82 87 98
27 37 70 71 74 89 99 103 108 119 132
7 9 10 14 20 28 37 68 80 102
2 49 77 86 92 107 113 117 138 139
19 20 25 40 63 71 83 95 101 116 133
8 34 43 44 69 72 74 90 120 122
44 60 66 67 89 127 128
14 18 21 31 73 78 82 106 107 126 146
18 68 88 102 126 130
1 2 15 61 69 71 80
0 14 16 32 37 52 95 96 97
4 18 27 61 85 86 110 118 133 139
49 80 95 128 146 148
14 33 48 58 68 71 75 77 88 89 101 109
1 5 9 17 18 60 69 70 82 96 119 131
10 11 13 48 69 81 85 92 99 122 145
1 20 50 97 103 124
0 13 26 38 47 55 73 82 91 145
2 39 47 50 81 82 83 115 126
18 24 59 74 81 96 105
60 77 85 92 106 115
13 18 23 27 41 52 93 148
34 41 44 56 63 68 80 102 103 104 129 134
16 61 75 90 119 136
22 59 84 88 92 120 139
4 18 19 29 34 42 62 81 88 98 133 141 149
2 24 68 72 79 91 108
11 19 81 91 116 132
4 47 68 69 89 90 97 107 146
39 43 51 60 89 102 105 115 118 122 128 129 132
40 113 115 116 137 141
41 56 76 86 131 138
28 44 49 58 66 71 77 85 132
31 44 46 47 58 64 75 76 89 94 127 131 133
8 20 24 25 38 73 76 84 94 99 110 116 129
18 20 34 67 76 83 85 92 122 124 144
4 20 21 29 43 47 62 63 68 71 107 119 139
25 38 71 79 96 105 109 135
9 22 37 67 70 94 119 127 143 146
33 64 86 95 117 125
3 6 29 43 45 49 59 63 74 86 111 121 140
17 45 84 95 118 133
8 24 51 56 67 68 69 81 108 122
0 4 6 9 82 103 133 145
6 10 74 85 102 132 141
4 35 38 107 125 144
5 18 19 22 34 70 83 99 109 135 142
2 13 107 109 129 138 140
0 22 30 76 77 83 103 114 116 143
6 14 40 56 60 83 90 102 105 106 110 115 138
1 6 28 67 71 111 113 118 128 132 142 144
6 12 15 26 36 50 55 67 89 101 118 128
7 19 35 39 42 77 101 105 106 129
15 36 37 47 53 85 90 101 106 111 114 123 130
5 22 37 52 60 62 106 114 139 142
2 4 5 26 28 39 49 87 103 110 118 135
11 16 21 27 38 69 73 80 84 86 135 138 139
32 46 60 79 99 122 144
56 63 68 100 111 118 128 136
9 64 71 116 137 145
0 16 80 82 91 101 123 128
16 18 26 47 68 70 77 121 136
0 37 71 87 113 118 123 136
11 28 41 44 73 78 81
16 33 120 122 125 136
11 15 38 52 69 71 103 109 130
14 43 59 60 68 72 92 113
0 55 56 98 99 127 134
9 10 19 33 37 53 56 81 87 108 128 145
8 17 19 42 45 57 60 75 85 106 117 131 136
2 9 13 20 25 36 54 89 91 112 113 139 143
5 7 10 55 75 99 111 118 120 121
17 19 28 33 76 120 124
4 6 64 111 127 148
6 8 17 55 57 71 94 122 124 135 145
5 13 17 18 26 40 66 74 118 119 136 142 145
15 44 55 58 68 77 83 119 120 124
6 8 40 44 56 76 80 101 111 117 120 135
43 87 98 116 134 148
2 11 24 38 53 54 56 61 70 79 88 131 147
16 21 37 57 63 64 84 123
45 54 65 89 93 95 120
30 41 55 118 132 137
0 3 26 57 68 92 123 126 135
1 6 24 44 71 112
0 12 22 36 37 117 122 129 130 136 143
6 26 29 43 76 105 144 146
28 70 73 83 96 116 123 131 137 146
14 22 34 35 43 67 72 79 99 118
3 14 29 33 53 68 85 106 120 122 126 148
25 53 59 80 82 105 113 114 115 123 124
8 11 25 27 28 53 56 94 133 136 140
31 65 88 107 108 116 117 119 122 124 126
30 66 67 94 104 120
18 25 38 40 72 80 91 132 135 146
16 79 83 91 96 105 121
1 11 24 53 66 88 109 111 121 141 147 149
33 51 66 70 73 74 78
2 14 20 21 24 37 106 131 144
4 19 39 86 90 120 130 148
3 19 25 28 30 39 54 67 97 133
5 42 44 52 60 61 80 85 90 121 148
1 3 9 12 31 35 64 66 100
3 10 14 61 68 90 103 114 126 133 134
11 23 33 44 46 56 102 126 141 144 149
2 14 16 19 59 77 111 128
24 68 96 116 130 148
6 8 52 67 69 87 91 106 128 131
35 50 53 56 64 106
0 9 65 66 67 98 99 100 101 106 111 126
17 18 19 38 128 134 147
3 8 40 49 61 81 89 101 123 127 133
30 49 56 65 90 97 98 115 131 142
20 28 39 55 67 69 86 122 135
9 49 56 65 78 87 105 107 112 136 146 148
8 18 45 58 64 79 135 138 146
4 27 30 38 45 71 77 99 114 121 134
23 32 49 83 91 127
2 42 50 61 70 99 105 129 148 149
3 65 82 132 145 147
5 25 47 48 51 77 95 115
18 27 49 61 62 96 108 117
2 63 66 67 71 84 89 103 108
40 43 46 56 61 71 86 94 114 147
41 71 84 93 99 121 139 144 148 149
6 29 36 43 107 121
38 44 54 65 78 81 90 97 111 112 114 122
3 44 59 61 95 96 108 115 121 132
26 32 47 48 50 63 99 101 125 126 141 144
2 29 41 62 90 94 95 116 119 121 134 137 142
7 12 36 56 66 109 118 123 124 131 144
13 26 73 77 104 112 118 122 129
36 54 67 76 82 103 114 117 145
0 34 52 54 56 71 74 88 105 115 147
21 30 31 55 100 113 114 141
21 37 50 85 91 106 115
3 9 50 51 52 65 82 144
21 33 53 54 64 78 79 93 103 113 117
0 1 8 15 28 52 53 64 72 82 104 112 117
16 31 68 78 134 137 149
1 4 14 16 36 55 57 59 86 103 108 129 133
16 79 92 115 120 135
3 31 37 71 94 126 145 146
4 17 30 34 61 86 114 123
4 8 9 17 24 37 65 108 111 119
0 4 5 17 30 74 84 95 96 101 123 132 135
11 67 74 90 100 103 139
42 54 74 76 106 114 116 122 129
31 43 45 100 128 135
10 23 39 43 63 70 75 88 109 135 141 144 149
1 55 57 59 66 89 116 122 130
25 26 42 70 76 84 97 113 119 133 139 144
6 8 14 102 118 144
7 33 67 97 125 134
43 53 54 63 68 108 135 136 138 140 143
15 18 41 107 110 125 134 136 141 147
13 23 33 49 50 91 118 139 149
14 30 38 39 44 53 63 72 102 108 120 129
15 21 49 50 64 67 84 87 89 91 110 120 127
11 51 77 78 80 95 109 120 140
46 52 58 90 93 95
4 10 14 21 89 102 132 136 146
13 20 25 33 37 48 61 108 134 140
30 46 48 64 74 122
1 15 25 34 84 85 88 98 100 106 118 132
12 24 35 59 81 84 85 98 102 116 128 135
20 22 43 52 89 99 105 118 123
45 48 58 86 110 115
0 16 22 46 76 77 93 94 112 131
11 55 62 66 74 116 136 148
5 24 29 42 77 79 87 129 134 145
35 38 51 82 108 110
3 8 14 55 71 75 93 115 125 145
7 13 15 27 51 76 86 90 132
64 67 91 120 121 128 135 137
3 14 27 56 113 141
13 16 41 42 44 77 83 100 104 111 120 124
3 19 46 47 53 83 86 139
27 57 69 80 94 106 109
3 24 31 39 49 74 108 112 113
46 50 66 77 92 113 128 134
41 54 68 86 112 114 147 148
18 19 22 34 41 51 64 85 105 119 124 132
6 7 14 21 31 74 86 87 106 140 148
2 28 55 60 74 101 118 148
0 9 84 91 125 128 147
25 32 67 73 82 85 97 99 126 138 144
3 13 40 73 79 95 115 145
4 17 20 23 33 63 65 85 104 124 125 135
0 7 25 28 42 44 70 96 113 122
7 14 43 45 49 79 83 112 126 142 148 149
6 7 22 23 61 63 84 99 109 122 133 134 143
42 47 68 81 111 116 132 137
0 2 10 12 20 56 59 64 85 91 104 129 135
1 3 7 13 21 44 48 75 88 98 103 127
13 20 24 32 33 36 87 89 95 105 108 113 123
6 38 47 55 66 85 87 95 97 101 102 105 108
0 24 26 47 49 52 62 68 79 100
7 13 36 39 84 115 118 142
23 41 48 84 91 101 105 111 139 148 149
4 17 38 59 61 77 87 97 126
31 34 41 52 54 57 78 102 122 144
35 52 55 70 94 116 123 130 138 144
8 75 110 127 131 148
18 28 32 38 93 105 119 133
22 29 99 100 108 115 118 137
8 55 69 89 138 143 147
11 15 47 58 85 99 105 124 133 144
22 38 50 51 87 101 129 137 147
0 34 49 61 67 89
1 16 21 30 33 37 98 103 111 140 144
62 75 77 87 94 100 101 103 109 121
11 16 81 104 115 119 120 124 129 134 137
14 17 27 53 88 110 128 142
8 16 42 75 76 84 116 121
17 49 112 115 122 123 149
0 14 24 41 56 103 108 116 138 144
24 29 46 68 71 82 102 104 120 124 145 147
2 3 25 27 42 63 97 100 131 139
15 23 37 55 68 118 126
11 28 62 66 74 82 91 103 122 148
29 49 53 106 118 125 126
0 47 89 104 107 109 115 135
4 13 21 43 65 66 82 102 106 116 120 129
17 33 58 65 70 96 136 140
20 21 37 51 64 65 80
4 16 27 31 65 114
16 83 88 97 104 147
1 3 4 16 66 99 102 111 120
1 16 40 83 95 96 104 111 120 141 149
4 14 26 30 33 37 58 121 125 137
34 40 47 67 68 72 100 113 122 130 132
9 33 44 63 70 88 94 134
1 17 19 58 101 103 139 147
15 19 64 67 70 74 77 81 94 136 143
1 10 23 26 38 39 66 75 89 105 118 134 144
14 43 50 56 91 109 121 122 142 145
5 10 47 52 53 58 61 66 75 94 125 143
27 31 44 75 84 114 148
3 16 27 56 78 80 87 100 104 111
64 73 89 99 112 139
11 21 49 79 80 92 108 139
3 18 41 66 126 142
32 42 79 86 95 97 105 113 136
12 16 25 28 39 43 75 78
42 79 89 111 119 122 126 149
15 36 59 64 66 76 77 84 86 116 118 122 129
20 40 81 97 131 137
0 4 18 34 54 69 78 86 87 120 122 141
13 15 23 49 74 76 96 109 114
19 62 73 87 110 142
2 21 22 30 40 49 65 82 102 106
12 13 29 48 77 82 91 102 120 128 130 137
25 27 46 71 72 85 87 90 101 112 136 142
10 20 34 41 60 62 67 70 81 82 90 105 130
11 30 68 88 89 100 122 127 130 143
1 45 52 77 96 103 134
5 12 18 24 55 109
2 10 25 29 87 90 94
2 29 52 62 94 108 123 131
18 23 36 71 91 95 97 98 118 122 127 139 148
11 41 48 74 106 110 114 122 128 129
15 57 69 79 83 96 99 101 103 106 125 142 147
24 33 90 112 121 138 141
3 56 64 92 104 106 125 131 137 143 145
8 11 16 49 73 78 88 110 113 120 125
4 11 30 32 43 47 58 80 100 125
32 36 38 42 67 74 109 119 139
58 59 63 71 83 86 109 122 136
1 73 86 89 97 116 124 125
18 21 22 31 47 49 52 89 99 103 139 141 149
8 28 35 57 62 66 91 108 114 129 141
11 16 22 28 97 115 130 131 132 137 149
27 41 66 73 76 133
8 24 42 80 115 121 124
20 24 25 27 46 64 68 87 112 133 142
35 50 78 88 110 140
48 78 79 85 113 131 134 135 136
38 39 49 62 66 85 98
13 33 36 50 52 53 64 78 90 92 110 145
19 21 77 81 86 89 102 126 146
22 35 46 52 61 83 93 97 99
8 16 19 43 68 71 97 110 112 133
31 68 77 84 96 107 114 120 130 134
12 29 83 111 113 129 149
22 27 65 72 79 100 102 111 122 146
11 19 45 49 58 94 106 108 113 131 147 149
7 9 21 36 55 89 108 130 132 148
6 21 49 81 87 106 132
16 65 83 88 90 116 119 147
42 58 84 92 95 141 144
11 18 21 51 64 114 120 121 123 125 137 138 143
63 95 106 113 115 119 124 128 131
31 33 60 77 85 90 108 132
34 55 90 104 114 124 129
0 6 27 36 99 112 121 137
11 19 47 64 75 102 114 135
5 22 30 31 56 57 83 85 93 112 128 131 139
17 21 32 57 58 69 110 133 142
44 48 52 84 102 117 121 122 125 126 143 146
13 28 31 50 70 138
22 61 71 86 94 111
5 15 31 39 50 65 80 127 141 142
5 17 33 36 49 64 67 69 105 113
4 16 38 44 50 58 72 75 79 100 102 104
0 2 5 29 45 82 94 106 112 128 138
15 25 51 58 114 118 139 146
2 6 9 19 23 33 43 61 95 100 108 121 137
40 55 83 109 110 113 115 147
10 12 13 33 36 46 48 52 73 108 148
2 9 36 51 52 53 66 75 91 103 134 145
0 22 38 44 58 87 96 104 113 117
13 28 46 49 50 72 101 122
17 36 74 78 85 105 114 122 123 129 136
69 70 73 90 100 129 131 140
0 8 24 34 44 47 58 87 109 117 130 149
4 12 20 42 43 50 70 78 79 80 94 106 109
11 67 70 89 92 114 132
12 20 25 83 85 89 94 95 101 107 114 115 130
1 4 44 54 59 61 94 102 120 134 135 145
20 36 37 46 47 53 84 87 111 127 149
0 10 15 58 68 86 98 101 102 111 112 129 139
20 26 39 68 74 76 90 91 96 102 104 106 142
6 9 13 15 19 33 50 62 75 80 82 136
25 30 34 38 39 56 73 78 79 95 105 122
7 19 77 78 105 110 134 140
7 36 64 69 97 113 124 128 143 149
5 11 14 29 45 54 65 76 80 112 115 136 138
21 39 94 100 105 118 125 128 140 146
6 12 16 21 23 64 67 79 115 118 136 140 144
61 69 101 117 124 139 141
47 71 77 93 97 105 108 112 122 143
58 68 92 111 133 149
0 28 31 35 60 62 84 96 107 110 140
19 23 34 37 43 54 77 89 91 133 136
27 32 63 66 80 118 120 145
6 28 57 79 92 94 98 126 130 137 139
3 40 42 47 48 51 114
0 16 23 51 97 120
14 19 29 39 47 53 74 82 85 97 114 116
1 14 22 31 34 45 53 68 78 106 118 121 138
40 52 55 56 63 66 71 110 123 125 148
19 29 31 47 76 84 106 107 108 122 130 138
15 26 31 32 47 60 66 101 112 123 127 137 149
5 13 44 45 48 87 91 104 133
27 29 34 37 50 53 69 85 89 91 123 134 143
7 51 58 59 61 81 103 105 126 132 137
18 26 32 42 52 87 88 108 131 147
2 29 47 55 63 68 80 95 103 114 141
9 35 38 46 84 119 145
44 66 68 79 96 121 136 148
44 52 77 83 85 89 100 119 131 143
5 8 17 25 45 78 89 95 111 125 139 149
1 20 34 35 51 78 115 124
38 60 88 107 134 148
3 6 9 18 37 45 50 58 105 116
23 50 66 74 87 131 135
7 8 9 28 30 33 41 118 136 137
13 34 70 76 87 116 144
69 73 75 122 127 139
1 35 39 46 53 75 101 103 113 130 135 138
9 56 57 58 67 74 109 115 125 130 132 135
23 28 56 79 94 100 101 105 120 137 140
2 28 31 33 54 85 96 100 139 142
11 42 57 59 62 71 76 107 127 133 136 148
19 37 44 47 65 70 114 122 142
12 39 48 49 61 63 81 91 96 119 129 133
4 29 31 32 47 103 111 120 139
2 20 79 80 86 114 122 124 125 126
25 56 89 94 98 109 110 128
25 36 49 81 94 99 135
5 34 47 55 61 110 117 123
13 44 53 54 80 91 124
21 22 33 54 79 97 108 127 142 143 144 145 146
62 78 81 93 95 102 121
21 29 33 51 61 65 85 124 138 144
12 24 42 48 70 97 130
15 23 36 52 57 64 72 78 93 102 108 112 119
2 5 17 28 40 49 53 77 103 136
8 24 25 39 121 125
21 47 77 89 93 137 146 147
14 15 30 35 71 87 122
13 14 31 44 49 66 74 82 119
7 25 51 96 99 127 143
6 47 49 50 68 127 130
15 16 17 40 68 92 93 135 140 146 148
36 51 64 94 124 137 139 149
13 22 42 46 67 69 73 125 127 132 134 137 149
0 9 25 29 32 49 87 118
17 55 68 95 114 123
28 29 40 51 59 71 73 114 122 126 129 131
12 30 33 77 89 102 103 117
7 16 35 94 95 137 143 148
3 41 49 78 82 108 123
8 53 62 91 106 111 114 115 121 122 124 132 146
47 55 70 104 107 112 113 115 131 136 147
25 42 58 70 78 101
0 2 17 31 61 67 80 83 89 93 118 126 134
5 10 17 32 42 44 73 91 102 134 143 148
0 2 24 27 28 34 66 76 90 111 139 142 148
3 10 70 72 79 100 114 148
12 14 58 88 90 94 99 119 138 139 142
19 26 33 60 105 106 115 123 146
4 20 40 63 69 73 75 110
17 36 39 59 60 123 130
20 30 32 67 93 102 128 145 148
1 2 26 55 63 70 83 136 147
5 27 34 63 82 100 110 122 133
31 56 58 80 129 135 149
0 17 31 51 68 76 89 102 123 136
15 26 40 42 54 59 76 98 113 121
22 26 39 48 87 88 95 106 143
0 6 8 23 29 60 84 103 117 128 141
11 22 44 69 84 124 126 141
24 32 37 64 71 80 112 114 116 119 134 135 146
16 50 56 79 95 137
32 36 75 84 87 114 117 123 132 136
19 34 96 112 125 138 148
30 32 40 54 72 73 83 98 121 137 141
23 37 45 60 61 63 79 82 85 122 128 130 147
13 34 36 64 84 93 97 105 116 118 140 142
13 20 21 28 32 33 64 66 69 83 94 133
7 27 28 44 77 86 128
1 23 33 49 56 85 88 91 100 110 116 127
17 29 46 60 63 129
9 25 27 47 59 68 97 106 113 126 136 138
11 28 33 49 71 106 107 116
9 11 42 48 49 50 54 55 92 143 148
39 64 78 83 94 100 105 133 139
17 19 22 25 28 73 83 96 126 127 132 149
9 19 56 65 81 91 106 129 144
4 31 75 80 98 99
12 13 42 99 114 121 131
0 10 12 71 107 144
3 20 43 46 77 85 87 116 127 129
3 21 24 35 44 63 65 76 95 125 127
4 36 43 44 80 91 96
26 33 48 63 100 106 117 122 126 128
31 67 68 82 110 114 128 144 148
22 60 70 71 94 95 110 115 135
15 22 37 73 84 111 113 115 124 146 149
12 17 47 76 87 90 95 121 130 139
1 22 25 49 58 63 82 107 140
1 8 33 42 52 54 72 108 109 118 119 136 144
4 13 19 25 49 61 69 85 97 108 129
1 18 30 40 69 70 77 82 106 133 135 137
1 5 7 19 57 66 129 149
7 23 38 61 62 64 97 109
17 56 102 122 132 134 135 145
21 41 70 74 94 135 142
36 38 107 110 115 126
3 20 24 47 55 62 82 92 125 137
35 41 79 97 98 130 141
12 20 21 58 60 70 74 77 97 128 134
2 13 35 39 47 51 65 84 88 92 117 137 146
3 26 46 66 84 122 126 140 141 143
10 18 24 66 93 109 126 127 144
17 57 81 94 109 136 140 143
0 33 50 83 102 105
23 41 47 57 61 88 92 97 99 105 106 116 146
36 56 78 82 90 111 117 125
37 64 69 88 117 122 131
17 42 47 54 57 63 109 111 117
22 29 33 44 45 47 48 75 83 98 108 146 147
16 45 59 81 87 127
5 23 49 53 65 79 81 132
3 11 27 36 38 48 61 68 77 115 118
28 47 75 108 115 136
6 24 39 66 78 79 113 131
10 19 57 67 72 93 94 101 107 131 134 141 145
23 25 36 38 69 90 105 115 122 147 148
9 22 40 58 71 73
21 37 40 99 117 130 138 144 146 148
17 18 45 80 81 85 97 100 118 139 147 148
14 20 25 34 44 60 63 67 82 96 114 134
0 28 36 39 81 87 102 112 136 148
0 8 19 21 28 46 51 59 73 104 117 121
5 17 40 61 69 70 88 91 93 97 107 123 125
6 33 69 99 116 133 136 137 144
26 60 62 63 90 104 129
31 47 49 52 59 119
8 29 33 66 67 95 125
11 50 55 57 75 96 102 106 148
26 53 68 122 132 145
5 21 30 83 125 131
7 31 55 108 117 132 136 138
14 17 50 82 83 90 93 99 103 115 129 139 145
7 39 56 57 64 70 117 129 140 141 149
4 11 13 28 33 53 90 95 104 115 116 140
2 11 30 62 120 123 144
1 11 21 30 38 39 40 52 103 120 128 129 143
1 29 42 86 99 105 120 131 134
12 20 44 91 112 134 142
20 33 49 54 71 105 106 107 118 130 143
1 6 27 41 45 67 68 70 82 100 116 132 136
5 26 54 71 73 139
17 31 37 58 70 74 83 89 103 112 124 147 148
9 22 63 70 75 85 100 110 116 120 126
24 50 95 99 104 108 116 118 148
7 30 66 87 93 94 104 124 140 141
17 29 56 75 76 87 104
14 31 40 61 102 105 112 116 119 120 137 144
7 14 29 47 48 70 72 85 103 110 112 145
22 32 51 68 84 97 99 139
10 16 32 35 44 71 79 84 85 116 129 132 144
1 10 12 22 24 41 42 54 68 83 128
3 11 12 28 89 108 113
14 22 25 48 49 67 77 78 81 100 107
4 25 51 69 88 102 113 121 126 143
10 27 52 63 79 101 102 113 127
1 21 51 55 58 71 73 76 94 101 107 110
11 21 28 29 42 75 82 113 130 140
6 21 37 49 55 88 93 97 104 108 111 123 145
7 25 35 50 65 75 81 120 122 128
8 26 35 46 49 57 58 70 93 102 137 142
6 17 18 22 37 67 73 91 111 115 130
20 25 53 95 119 131 145
9 29 47 49 53 67 73 94 99 110 128
8 25 71 103 118 141 149
1 39 46 96 104 106 118 121 128 133 137 142
15 20 63 78 119 134 138 139
20 44 51 54 91 124
16 19 32 87 89 96 112 131 135
5 10 42 43 53 54 64 70 115 137 140 149
5 60 65 73 74 83 88 136 138
12 14 48 58 78 85 89 92 128 144 146
10 13 17 47 85 106 128 136
26 38 63 64 95 97 100 116 123
5 6 8 16 17 30 38 59 77 96 104 143
31 52 71 73 78 79 82 134
43 68 73 85 87 119 120 122 127 132 144 145
7 37 73 103 127 138 140 148
14 40 45 52 53 64 65 103 125 137 147
1 12 34 50 59 62 67 74 78 100 102 117
22 59 81 120 123 127 141 148
1 15 33 37 66 68 83 125 136 148
56 57 64 83 104 121 137 139
15 46 49 67 72 109 135 142
5 8 37 73 75 82 85 107 125 130 138
4 10 12 23 46 57 62 64 126 137
11 16 20 49 51 62 88 98 102 117
0 5 16 20 21 36 50 63 69 80 96 108 125
25 29 35 45 110 119 145
15 16 38 75 129 141
16 22 43 48 65 101 137 143
15 25 42 51 83 88 127 130 131 140 142 146
12 30 60 87 90 99 100 101 110 115 125
3 21 31 51 65 82 89 91
14 35 68 90 94 97 113 138
17 20 23 34 56 66 95 101 103 114
18 20 28 51 74 79 143
12 13 26 39 44 61 66 67 95 126 133 141 147
0 7 17 19 32 59 69 70 75 76 123 142
11 36 43 49 82 84 96 125 138
25 30 58 76 81 88 91 118
21 76 77 102 103 110 132 139
30 37 39 47 72 80 81 123 127
1 2 38 81 101 104
8 44 82 85 130 139 143
3 7 42 48 54 66 94 113 120 127 134 137 145
13 20 25 33 66 70 112 118 133
3 14 21 31 49 56 67 71 73 132 143 144
9 35 41 50 65 72 123
33 41 81 90 138 140 142
1 16 33 41 46 71 109 111 121 132 147
5 19 49 62 63 78 94 137
21 36 38 66 89 101
35 39 47 59 92 96 103 117 119 129 133 134
19 43 80 98 103 104 112 113 115 127 136 138 143
15 29 47 48 55 76 78 108
7 11 27 46 59 76 97 111 113 140
10 40 45 51 74 93 98 105 109 118 128 132 149
0 2 42 63 76 78 85 114 115 126 132 144
3 12 14 31 33 43 54 67 70 71 113 132
23 35 36 54 66 70 71 87 97 127 147
1 15 23 52 58 83 95 107 126 135
3 37 46 63 87 88 91 98 119 128 135 136 144
3 19 37 57 66 82 85 107 132 139
7 13 20 21 33 34 46 82 86 105 115 132 149
37 38 60 61 79 95 112 115 131 146
2 11 23 27 33 58 65 127 129
4 12 21 27 35 40 56 95 103 116 121 122 130
25 26 28 33 52 67 76 116 138 146
2 6 10 26 35 39 65 73 80 104 121 136 143
39 50 62 80 85 144
32 33 45 83 87 89 128
14 17 59 72 81 87 88 102 116 140
14 28 35 40 44 61 72 83 87 126 131
7 11 16 25 47 76 85 88 92 96 111 147
27 41 55 79 97 102 103 104 105 114 119 132 143
22 25 38 45 46 70 94
3 17 26 50 74 77 84 88 97 98 117 123 141
8 10 12 20 21 35 55 61 62 63 93 104 118
86 91 98 102 104 128 130 149
2 3 18 38 57 64 75 76 91
34 46 62 64 133 143
30 55 67 95 106 110
0 17 21 37 46 65 67 79 80 98 114 130
15 57 90 94 110 138
17 29 38 39 45 91 96 101 109 128
12 32 34 86 107 110 122 129 146
28 31 33 38 43 49 55 63 144
9 18 31 64 74 111 116 132 135
3 7 12 21 27 48 67 113 120 127 138
4 25 27 28 40 48 57 64 85 100 105 108
3 19 20 33 43 60 86 119 137
4 16 28 81 95 110 140
39 75 78 90 113 140 145 149
3 6 7 15 42 73 94 102 124
13 36 44 64 70 78 110 137
47 52 77 91 111 114 119 122 126
8 12 13 19 39 49 51 65 77 105 110 112 121
10 18 29 62 75 94 97 114
27 55 62 78 97 100 113 137
10 26 37 45 54 59 99 104 109 129 142 149
5 19 55 76 112 123 135 136 141 144 145
20 23 43 46 60 67 79 107 110 121 124
18 52 67 78 89 129
7 20 40 55 64 65 90
14 41 48 49 69 71 85 96 104 111 148
8 25 38 42 57 59 115
1 18 22 27 56 81 107
0 14 33 37 112 135
5 25 28 46 89 92 120 122
3 13 15 19 35 101 110 112 121 130 135 145
4 8 9 23 56 57 60 61 132 136 149
26 34 39 42 53 83 100 104 135
4 6 9 10 37 56 67 71 73 79 91 103
17 24 33 49 74 84 111 127 140 144 147 148
8 27 43 94 129 149
3 28 29 34 71 123 149
21 74 76 84 88 120 139
64 72 73 77 109 138
5 14 15 24 33 51 63 100 116
4 6 48 69 83 85 93 98 115 145
8 36 61 104 107 108 109 121 135
0 43 69 80 90 97
16 20 43 65 69 72 73 82 103 104 146
4 31 87 102 133 144
2 17 35 65 73 92 132
1 20 26 71 76 79 135
30 44 67 101 112 113 127 148
15 19 64 65 70 80 95 104 149
4 19 36 40 42 58 101 132 137 140
40 43 59 61 62 77 83 112 122 126 129 138 143
19 33 38 69 75 122 138 147
22 38 54 56 57 59 65 77 83 95 100 121
6 23 47 99 101 115 128
4 20 22 45 55 60 75 82 134 141
12 16 40 48 85 111 112 120
4 11 33 89 105 116 122 144
33 42 44 63 68 81 105 109 131
25 50 89 102 112 129
21 30 38 62 83 84 92 109 119 125 147
1 2 53 58 67 72 73 84 107 134 137
3 11 34 42 62 66 89 99 108 122 126 146 148
3 5 61 82 83 96 108 111 117 132 142 148 149
53 71 108 110 113 147
40 47 50 105 112 130
2 11 60 67 89 95 124 139
22 42 47 57 80 90 94 101
18 19 44 45 48 109 119 124 140
4 19 32 39 43 46 72 88 112 144 146
6 7 34 35 37 45 80 82 95 101 130 145
18 29 54 57 59 87 117
9 15 23 35 67 77 109 114 131 132
16 49 78 84 101 128 146
30 59 61 78 81 106 117 130 148
26 80 96 142 143 148
21 27 35 54 94 116 123
9 11 14 38 56 67 79 84 94 111 122
0 21 25 30 34 55 100 104 127 128 146
0 33 50 51 55 83 96 111 114 119 128 147
15 34 46 66 77 125
40 51 64 76 109 141
5 15 23 32 75 92 111 116 119 121 128 135 149
5 7 8 28 41 53 54 100 115 117 133 137 148
0 10 12 51 92 101 104 128 145 146
54 69 80 115 118 124 149
38 45 58 64 73 92 93 94 95 105 121 124 149
1 14 17 76 84 86 88 124 137
1 5 21 22 25 40 47 61 69 77 79 88 93
13 18 34 50 72 88 89 94 128 130
7 25 58 84 99 111 116 120 141 143 149
25 42 82 85 86 90 97 99 100 119 129 148
21 27 35 75 90 110 112 131
25 41 45 59 91 97 116 124 136
2 6 11 25 26 59 87 91 92 100 113 131 132
7 9 37 41 51 55 73 82 97 111 119 129 149
23 26 70 79 92 98
4 18 30 36 40 47 74 86 106 134 140
11 43 54 60 77 115 116 137 148
2 27 39 48 50 55 72 76 128 136
29 39 52 85 123 145
14 36 51 55 83 95 98 102 119 129 142 144 148
3 4 16 19 20 32 56 57 91 143 149
1 6 18 25 40 56 72 127 133
19 23 49 85 89 95 107 111 112 128 129 137
13 28 35 44 77 78 85 90 107 112 124 127 146
36 52 119 124 127 128 133 139 146
11 16 31 35 36 41 45 53 58 111
2 30 34 35 38 59 89 91 103 120
5 26 46 63 72 84 86 95 99 102 114 132
55 61 66 79 88 124 131 141
14 26 36 49 71 128 142
17 52 89 93 130 144
34 40 74 90 108 116 121 122 131 132 133 140 141
23 35 38 39 46 55 68 72 80 109 117 123 124
9 10 59 66 80 103 122 128
18 39 65 95 123 140 144
3 19 28 34 35 38 54 58 94 129
6 8 15 57 73 98 106 129
70 92 94 106 123 125
49 60 67 85 86 94 105
44 74 92 96 107 129 133 144
25 28 36 56 61 66 84 136
5 7 12 21 30 36 47 60 73 79 129 138
28 31 42 45 79 87 93 100 114
16 38 52 55 59 84 86 107 116 126 128
9 37 56 66 82 89 113 117 122 136 142
2 9 24 25 72 97 101 121 125
7 11 48 83 91 99 128
5 18 20 50 57 81 118 133 142 144
15 28 34 44 46 48 56 58 60 82 84 109 144
0 4 23 28 37 59 66 92 99 119 120 128
6 9 45 55 56 60 72 86 90 119 132 135
20 28 35 73 108 114 125 129 136 138 141 148
16 33 34 44 63 69 77 80 106 110
9 20 25 28 43 56 82 97 102 112 114 118 146
10 14 19 38 42 43 66 81 95 102 112 124 140
10 15 31 53 80 85 99 117 143 149
10 15 25 54 58 65 94 97 137
18 36 42 50 56 77 84 90 95 97 117 123 125
24 52 60 75 105 115
14 17 35 49 56 99 129 143 145 148
17 19 30 40 59 98
19 45 60 65 77 109
4 21 36 67 78 85
10 29 45 50 58 66 67 106 133 135 142 147
13 87 93 95 128 137 138 148
28 35 54 89 92 94 105 112 126 141 146
5 52 64 73 97 98 109 113 114 121 137
16 21 55 65 66 70 89 118
25 74 75 93 104 111 127 139
6 12 33 44 68 110 112
12 29 53 83 85 100 120 123
34 57 75 78 84 121 143
3 4 5 13 27 36 49 54 62 98 117 145
14 28 43 49 54 59 61
16 50 122 125 134 147
13 18 30 37 54 59 80 125 126 138
17 28 87 100 117 119 120 140
5 35 45 48 50 69 77 85 100 106 109 126 136
1 6 8 18 49 52 76 81 96 116
51 71 83 99 113 141
22 30 33 36 41 69 80 98 105 135
21 31 58 65 66 67 69 83 143 146
1 29 96 104 107 124 138
21 41 67 68 71 78 84 139
29 40 69 97 130 140
7 11 39 53 60 143 146
27 37 69 82 91 104 111 145
2 6 11 16 48 72 90 140 142
9 25 49 55 57 83 91 111 121 129
8 54 65 113 127 147
18 24 26 35 41 45 57 59 115 124 135 147
10 17 30 41 42 47 48 57 65 76 120 145
1 20 31 37 41 72 77 83 85 148
1 34 52 56 85 109
4 31 36 44 58 65 95 110 112
10 14 36 42 52 64 93 96 106 124 134 141 148
17 18 22 23 27 33 149
0 2 8 28 40 41 58 60 74 110 135
8 9 10 14 33 43 72
22 24 27 46 58 71 87 110 129 138 139
18 21 29 37 39 83 85 113 118 128 135 140
8 12 19 38 49 72 87
13 14 27 32 43 46 84 109 118 122 133 138 148
7 22 72 94 104 123 140 144
1 34 57 85 91 102 108 132
11 20 50 84 90 95 122
6 29 40 62 66 68 84 107 124 134 136 149
4 19 23 47 89 92 101 108 113 114
50 58 60 69 72 81 82 89 117 118 119 130
6 15 19 46 73 85 148
25 42 43 51 63 69 86 89 99 116 120 125 146
17 26 46 48 51 65 70 78 99 134 136 143 147
20 32 50 56 81 97
1 15 21 67 121 141
29 48 79 86 89 100 102 113 134
6 7 31 54 62 81 85 96 108 124
44 50 61 70 71 78 85 86 99 111 113 118 129
12 13 17 20 25 30 33 53 62 89 120 137 138
40 46 50 132 136 138 148
10 21 53 63 94 99 136 147
9 14 15 40 52 89 101 124 132 134 144
20 23 65 86 99 128 129 135
3 5 8 31 51 64 70 77
5 14 19 57 79 84 97 99 100 118 125 127
2 5 42 44 54 74 85 123 131
59 66 74 75 88 91 124 127 138
19 23 27 42 51 70 81 148
30 34 47 50 57 58 88 91 93 107
12 75 84 128 137 148
0 6 31 39 42 88 100 118
29 48 65 73 74 75 79 94 100 111 118 143
5 6 21 75 89 128 135
8 10 18 19 34 43 50 101
4 5 8 21 23 43 87 109 113 116 117 135 144
2 6 15 17 55 97 101 118 145
12 80 85 86 97 106 112 138
2 4 18 23 25 29 38 46 108 141 142
11 12 26 53 69 71 82 97 110 137 139
6 46 74 79 86 99 106 107 119 127 142
6 7 17 21 73 85 86 94
7 16 27 41 47 55 97 102 107 121 147
3 16 32 36 43 78 118 122 138
2 3 6 9 15 16 28 40 51 56 66 77 90
6 9 27 36 38 50 56 61 75 80 119
1 6 43 58 76 84 98 108 124 134
5 12 21 47 50 56 88 89 97 113 134
4 31 98 109 111 114 145 148 149
6 12 44 63 115 124 137
1 49 52 112 126 133 143
0 21 23 39 65 74 83 146
17 42 47 65 77 85 112 135
23 46 90 103 109 118 132
7 32 42 65 71 74 75 80 84 98 106 125
28 29 37 39 99 100 105 122 123 141 142 145 149
6 9 37 62 74 80 85 98 109 112 123 132 133
16 43 55 58 72 83 86
1 26 31 51 55 58 69 71 80 88 111
13 42 49 60 83 128 148
14 15 24 34 46 67 77 86 121
4 21 31 45 61 65 72 85 92 94 97 142
13 22 37 44 47 70 82 107 110 115 120 141
18 36 51 53 54 61 73 86 93 96 105 128 131
26 41 50 51 53 60 64
5 74 120 121 126 130
25 56 95 121 129 133 138 146
10 18 35 37 38 45 47 64 70 75 112 141
31 49 74 123 139 148
14 16 22 25 40 75 98 103 117 118 127 129 135
12 66 72 111 136 145
50 73 91 97 98 124 138 143
14 21 26 76 123 127 135 144
3 16 37 40 52 76 88 108 122 130
1 50 52 55 72 89 124 132 144
13 22 27 44 56 64 97 105 144
55 74 96 112 123 127
9 34 38 42 61 73 78 84 101 103 110 125 141
25 59 62 69 103 126 130 149
11 62 75 90 91 95 105 108 121 130 135 147
6 37 40 48 52 56 90 116 122
4 10 73 81 137 142
2 7 16 40 64 69 73 83 90 119
4 17 34 35 41 51 58 66 80 83 140
12 15 28 37 60 70 96 103 108 115 120 141
10 16 35 38 48 90 109 117 129 131 136 141
0 12 18 37 50 53 68 79 85 89 113 130 134
12 28 59 61 79 91 103 131
0 2 4 9 12 13 14 21 28 56 71
3 11 70 74 82 83 96 108 118 124 129 142 147
1 3 5 10 13 60 79 81 132
48 54 56 64 85 88 121 135
23 37 78 80 98 131
9 45 87 90 127 141
10 21 37 54 58 79 83 90 106 117 120 126
2 6 22 23 39 54 57 62 91 93 101 106 132
45 52 96 100 107 137 148
52 54 56 67 70 88 93 101 102 107 132
55 64 82 92 133 149
4 21 22 28 45 70 104 116 135 138 139 145
9 15 23 27 36 45 50 101 122 126 127 138
10 41 46 47 69 73 130 138
9 17 28 34 48 60 78 86 124 127 140 148
27 28 34 50 90 124 148
6 9 33 62 64 70 100 106 107 138
0 14 16 25 51 63 66 87 123 125 128 137 141
19 32 83 89 100 101 103 107 109 139
17 20 32 44 45 54 57 69 79 83 103 110 141
32 38 44 56 60 68 71 75 83 107 113 114 132
4 13 42 43 69 84 114
30 42 51 56 58 61 109 114 135 136 146
2 15 19 34 41 82 88 116 120 130 138 148
0 47 61 81 105 144 145
1 7 43 45 55 66 71 107 129 132 141 147
3 14 29 36 42 49 52 60 72 102 115 128
33 54 72 93 95 123 141
19 30 46 79 120 121 134
13 15 29 43 86 122 136
2 9 11 38 55 61 66 70 82 86 92 117 146
3 11 21 41 49 74 87 90 103 143
7 27 31 42 60 75 80 104 125
1 22 35 40 55 75 79 113 114 123 141
21 30 59 66 80 134 144
5 6 10 26 28 40 64 70 107 114 129
0 9 10 55 71 80 82 84 90 91 111 124 139
33 62 88 90 95 98 147
6 9 13 82 85 88 103 108 110 117
5 20 77 91 93 105 126 133
