62 73 75 80 105 107 140
6 17 28 62 70 75 85 104 112 149
23 41 54 58 69 73 87 104 111 123 142
4 16 28 58 67 83 91 97 100 103 110 115 146
1 20 52 54 61 66 85 95 103 145
13 33 52 84 121 145 149
42 86 122 133 143 145
0 2 4 6 21 35 55 103 113 140
10 15 34 49 77 88 92 101 129 144
3 6 8 25 38 40 48 77 79 133 149
3 43 63 65 112 124
2 12 14 36 72 87 90 104 112 136 138
7 8 13 45 48 74 91 98 120 144 145 148
22 44 69 88 139 142
0 1 6 24 38 52 68 98 105 106 132 140
10 30 39 43 63 71 82 97 107 109 120 133 148
4 13 55 80 82 104 116
10 35 36 39 61 72 85 96 114
44 53 55 59 69 76 95 120 123 128 145 148
5 6 11 31 36 37 41 114 116 130 139 147 148
8 21 35 77 99 110 124 142 145 147
17 28 51 69 88 107
21 54 82 86 88 96 104 146 147
17 18 39 97 104 133 142
19 20 75 81 86 94 104 145 149
10 16 49 58 79 80 89 124 129 134
0 6 15 16 24 27 50 99 109 117 132 149
22 26 31 48 76 78 104 106 118 141
17 98 101 126 139 145
20 27 47 78 83 97 98 135 149
7 10 14 34 71 104 122 134 146
39 45 47 51 112 113 116
3 24 25 35 69 77 84 112 115 117 119 147 149
30 35 58 76 90 105 112 115 133 137 139
20 50 55 68 70 82 118 127 132 134 136 146
13 40 48 53 58 64 65 80 94 101 109 138 145
2 3 37 56 58 79 92 93 127 138 139
1 61 66 70 119 127 139
3 12 14 41 64 65 89 106 135 147 148
8 15 21 83 132 149
13 27 35 61 78 106 121 124 131
11 50 51 81 122 143 148
20 32 52 96 98 115
0 31 44 68 70 92 149
4 8 39 46 55 71 72 77 86 93 134
17 20 30 34 62 75 82 106 126
5 10 22 25 33 42 44 48 54 65 88 116 133
31 41 81 117 120 124 126 132
26 46 60 63 76 88 97 124 148
10 32 45 57 74 91 98 100 101 105 125 147
4 26 93 116 122 141
9 25 35 38 55 86 104 112 136 138 142 144
30 35 66 70 85 110 111 124 134 136 142 146
2 18 54 62 77 89 108 118 123 130 131 148
74 87 88 90 108 133
11 12 14 32 35 38 55 57 58 76 134 135 143
2 6 12 57 83 89 116
20 37 50 54 61 71 73 76 98 115 124 129
13 25 44 48 75 102 116 134 140
1 25 65 68 85 139 147
9 32 35 68 73 78 83 87 122 125
18 37 47 90 109 148
16 40 80 81 98 102 103 139
11 58 76 79 93 101 107 118 124 133
21 61 71 83 85 100 106 139 148
5 13 35 53 60 73 77 97 99 121 142
22 28 31 49 60 67 69 101 111
7 13 24 42 56 67 94 136 144
2 14 50 57 58 64 70 83 121 128 129 130 148
45 46 56 115 116 124 128
1 4 20 23 54 66 69 75 92 101 116 121 143
24 42 45 47 52 65 66 75 79 84 96 101 145
41 86 87 95 113 128
23 39 48 69 93 96 105 109 116 119 125
9 16 41 75 80 88 105 128 129
29 50 78 84 101 103 105 108 114 121 140
17 28 33 37 40 54 85 98 114 142 146
10 20 34 44 48 81 86 134
7 38 49 54 59 126 144
15 21 37 41 44 51 67 69 77 101 122 123 148
21 34 51 64 65 73 74 76 91 120 129 140 144
2 14 33 39 41 46 68 73 74 110 136
5 24 32 68 69 104 119
18 25 29 36 43 44 47 70 76 112 123 124 133
1 82 85 93 94 118 123 124 149
2 8 34 40 47 49 62 66 107
5 23 35 53 71 90 114 119 129
27 29 36 43 86 111 130 137
48 51 62 95 125 148 149
7 9 13 14 32 43 49 57 78 80 89 108 122
6 9 11 24 68 78 93 96 112 121 122 140
7 10 34 40 43 68 74 84 85 86 100 124 131
4 17 20 29 30 43 62 75 118 121 136 141
28 62 66 76 105 108 119 123 137 142
19 36 60 70 84 85 86 93 103 118 122 129 135
12 14 21 30 47 116 146
0 23 37 39 40 65 96 125 128
10 14 35 68 102 129
22 44 47 49 89 113 126 140
25 26 38 52 63 86 108 111 122
13 27 28 29 33 35 51 59 83 97 105 119 143
19 47 51 75 97 102 118 120 129 136
10 24 30 34 63 77 83 99 139 147 148
29 41 48 67 91 99 118 128 135
7 80 90 105 126 134 140 147
24 39 54 58 79 93 96 99 100 105 139 142
0 21 28 85 125 126 137 138 141
0 1 51 62 88 105 131 132
10 19 27 29 53 54 60 86 99 118 144
4 9 11 33 35 53 85 141
4 42 51 61 70 84 90 104 135
11 15 79 98 112 116 123 130 133 140 146 147 148
9 47 74 77 91 96 97 105 109
15 64 65 76 81 106 120
24 34 40 42 43 50 60 73 77 94 118 122 132
0 24 26 55 57 72 90 92 101 124 135 140 149
22 31 50 79 85 91 92 142
8 15 18 28 29 42 75 76 88 123 128 142
11 32 65 68 86 97 103 113 132 133 146
33 48 55 66 71 72 75 95 98 106 114 135 149
17 21 45 54 86 103 105 110 126
0 21 75 77 111 137
4 57 58 68 135 136
15 17 21 26 43 57 63 91 92 110 113 124 146
7 12 13 16 38 124 131
30 34 47 73 77 90 113 116 125 126 132 147
20 35 57 96 123 126 130 144
0 39 51 63 70 116 128 131 135 146
2 37 76 92 105 106 133 142
0 3 24 38 48 50 59 70 72 78 95 115 127
32 46 63 67 72 128
11 18 56 82 103 107 121 140 147
1 26 30 41 42 73 98 132
15 57 60 80 100 146
1 103 129 133 142 148
7 26 39 48 70 97 145
0 30 56 60 67 92 95 107 121 136 137 147
11 14 16 48 65 71 86 104 109 118 141 142 149
14 44 55 71 80 99 108 113 121 140
92 107 108 115 140 142
5 51 61 85 91 97 106 109 113 117 146
8 36 51 84 92 101 103 116 117 136 139
35 48 49 50 53 64 67 80 91 105 111 136 149
30 35 48 63 73 75 76 100 103 111 118 127
4 21 30 43 46 116 125 130
3 11 25 34 63 81 88 113 114 121 133 147
0 1 18 19 23 42 57 106 110 125 133 137 147
27 28 31 45 63 82 93 95 103 121 122
2 23 66 67 70 77 101 104 114
6 34 47 53 64 94 96 102
1 11 14 17 37 39 58 94 98 125 129
33 40 74 93 122 124 135 147 148
7 27 33 57 62 64 65 76 93 95 115 127 135
44 54 60 80 98 127 134 142
1 15 30 34 35 59 69 77 106 117 122 142
8 31 75 77 82 100 101 102 109 113 148
32 45 55 57 91 96 113 114 119 125 133 149
4 10 24 39 40 60 99 102 135 142
42 57 59 64 68 81 96 98 99 111 118 126 143
0 2 15 25 37 43 54 76 85 105 121 124
32 38 41 43 66 74 83 84 95 97 100 125
13 18 34 36 37 47 59 99 113 123 134
12 25 48 58 84 100 111 129
15 17 26 42 73 78 80 86 90 102 118 122 133
12 22 72 97 118 147
21 44 69 74 94 100 117 127
40 65 79 85 98 107 122
5 13 18 37 52 87 88 116
5 16 38 52 69 107 108 112
29 37 64 104 122 141
7 32 36 43 52 55 62 65 71 138 142 146
17 31 60 62 76 92 115
16 22 29 47 92 93 99 132
29 75 93 106 118 141 143
26 29 42 55 65 78 84 99 100 108 113 122
31 62 77 82 107 141
20 26 45 47 71 77 85 100 137
18 21 30 65 88 89 112 145
15 24 33 76 81 83 87 94 119 127 147
2 24 49 50 57 63 80 84 89 115 123 147
4 28 37 39 46 53 55 100 117 126 146
26 36 47 54 61 66 78 119 123 131 145
16 25 30 36 55 80 86 101 113 116 131 135
3 17 24 71 103 104 116 118 123 125 137
13 36 38 43 80 94
18 38 75 86 93 104 117 128 143
1 4 20 27 49 62 70 105
9 31 51 84 87 102 125 136
2 9 30 31 33 36 44 59 66 94 106
11 18 41 60 71 74 83 86 93 100 133 142
3 21 24 33 41 68 83 87 101 116 119
2 41 47 57 66 72 82 114 123 125 136 149
14 18 21 35 75 79 111 127 131 135 146
30 34 44 47 53 55 56 84 90 105 148
40 49 66 88 98 101
8 55 77 88 113 114
7 8 36 40 42 72 78 97 98 115
59 74 82 83 106 132
12 21 25 30 46 54 82 89 108 131 144 149
0 49 54 74 76 93 94 106 140
7 23 29 43 71 103 106 118 124 133 136 142
7 26 54 73 77 79 92 105 121
20 29 39 44 59 79 85 87 132
18 30 31 49 85 95 119 120 128 137
12 19 28 66 72 78 93 100 106 142
38 63 101 105 111 115 134 146 147
18 58 63 125 126 130 138
7 14 18 34 59 68 108 110 114 128 132 134 143
25 44 58 97 102 103
20 60 70 84 91 107 129 132
32 34 37 52 109 125 131 147
0 1 29 39 41 55 71 76 84 111 117 132
14 28 35 67 79 115 121 126 142
7 13 18 45 49 82 105 138 140
7 18 25 26 44 46 108 116 125 143
7 8 27 65 84 95 103 114 121 144
1 24 34 38 59 62 64 76 86 112 116 126 146
14 19 48 55 82 115
36 61 87 110 121 127 147
0 4 14 40 44 62 66 83 88 101 106 137 148
9 12 53 85 91 104 136 137 147
7 11 12 54 62 68 87 110 126 137
33 44 45 56 71 79 87 92 103
44 59 87 98 112 121 133 136 144
13 55 65 93 106 135 138 143 148
10 23 36 43 47 56 59 79 109 116 118 123 127
16 25 31 44 65 76 82 139 141
20 48 94 112 120 126 130
2 8 42 67 84 120 126 140 142 149
7 9 17 33 41 55 63 79 141
25 27 29 31 38 50 55 59 75 99 142 145 148
0 7 13 49 51 70 73 80 113 117 126 134
24 26 39 53 60 66 110 115 116 121 128 130 148
30 44 48 49 60 97 113 121
2 66 84 133 142 146 147
6 35 42 82 119 123 132 137 147
13 15 21 38 49 75 86 103 106 110 114 117
36 56 83 103 129 133 149
43 57 60 72 75 76 87 99 114 124 139 143
30 50 70 86 101 111 142
13 17 22 25 29 85 93
3 15 34 51 104 122 136 148 149
4 11 13 14 26 31 34 64 84 98 103 120
21 45 46 52 76 106 110 116 118 123 139 140 143
7 20 21 30 86 106 129 142 148
23 42 48 62 63 64 82 93 146 147
24 47 89 127 131 140 143
19 21 22 36 40 45 67 84 97 102
16 35 42 53 62 63 74 97 106 118 122 133 139
2 4 14 17 18 21 58 78 83 110 147 148
6 14 35 38 47 73 77 80 83 105 120 125 141
9 28 52 56 68 118 144
12 37 66 74 87 102 107 111 114 131
21 37 69 130 141 146
25 31 59 62 70 74 79 99 113 116 117 137
14 19 36 54 61 63 70 71 83 95 103 107 111
17 51 66 88 99 101 105 112 116 118 138
4 27 45 73 74 99 105 109 116 133 143 149
16 42 60 68 70 80 92 114 125 148
0 1 22 34 92 95 115 149
10 16 38 42 47 86 106 139 147
57 59 61 68 72 77 84 90 149
2 12 19 50 58 59 93 127 137
12 38 47 60 80 89 109 119 136 137 144 147
2 25 77 87 94 125 133 143 146
1 20 36 47 49 63 80 109 112 122 130 140
10 16 23 34 87 94 109 117 126 145
4 29 38 54 77 86 94 107 121 122 138 142
13 16 17 51 53 73 111 130 132 136 138 141
8 28 43 58 73 89 95 99 109 115 119 120 129
3 5 23 30 36 38 84 90 114 124 133
0 29 34 38 104 118 120 123 143
2 12 22 23 55 63 87 88 101 105 118
40 48 52 72 80 104 107
2 9 14 44 56 58 65 70 72 127 136 148
0 1 4 23 27 28 76 96 108 112 119 121 129
5 43 57 65 79 90 92 100 102 113 140
25 32 33 41 43 85 89 114 117 118
2 32 49 55 73 85 94 99 103 114
3 15 40 77 91 102 109 116 148
32 50 51 66 83 93 95 112 115 128 129 135 143
16 22 28 29 63 74 92 94 101 103 106 116 143
2 30 39 50 76 81 107 128 140
9 19 41 53 77 121 134
15 30 50 66 147 149
7 15 19 47 67 115 128 129 130 149
7 57 64 74 105 123
4 36 60 61 65 72 90 96 109 127 143
6 12 47 84 101 111
4 27 34 48 58 125 143
1 7 47 131 139 145
1 17 94 99 103 129 133 143
4 16 32 39 60 65 74 80 123
2 82 84 85 93 105 129 135
13 15 17 57 67 82 92 105 118
3 59 62 72 78 86 97 112 125 143
2 25 30 57 62 71 73 105 126 131 148
13 28 62 90 131 142
5 18 36 43 44 46 69 80 122 125 129 134 143
11 16 23 25 33 47 66 69 79 81 88 95 142
10 23 27 68 89 97 107
3 30 55 75 78 82 100 147
10 43 58 91 92 96 115 124 139 140 142
23 28 58 60 71 72 77 98 113 131 136 138 143
3 24 27 33 41 117 137
35 39 60 92 122 141
1 61 74 80 87 88 101 106 112 114
8 11 28 34 69 96 99 130
34 40 45 61 65 75 110 142
20 40 54 81 84 87 91 94 95 106 130 141
20 24 30 44 54 66 125 135 143 147
6 14 80 96 102 109 110 127 132 143
66 67 78 81 92 102 132 134
23 27 43 51 68 71 74 95 114 138 141 146
6 26 39 63 74 96 103 119 121 123 125
11 36 53 57 58 78 125 126 131 144
27 64 103 105 115 129 130
23 25 56 72 76 81 91 108 143 147
38 75 81 82 87 93 103 135 140 143
1 33 41 43 76 89 101 124 128
18 67 89 93 104 110 111 112 115 123 124 140 146
22 36 37 48 52 73 91 100 106 120 126 143
3 9 16 27 46 52 56 70 76 102 113 147
26 63 93 95 100 129
8 16 19 28 35 49 69 101 102 104 119 128
3 5 13 84 100 126 130 135
0 25 56 82 84 121 130 135 138 145
26 33 42 45 47 83 84 90 99 120 126 139 141
59 60 78 87 96 111 129 145
26 31 35 46 51 53 72 76 105 123
4 48 86 95 110 124 130 147
0 1 5 24 70 72 122 134 147
4 5 13 37 49 56 76 77 81 82 92 123 146
13 19 22 28 42 44 58 59 68 82
21 41 44 79 86 91 95 113 124 125 141
14 46 64 110 111 119 128
3 16 17 24 36 48 51 90 105 129
0 37 43 51 94 102 109 112 114 144
4 25 27 33 37 55 87 90 127
13 36 40 44 51 55 75 83 95
40 55 79 86 116 134 138
52 55 56 70 87 90 122 145
2 5 34 50 72 79 91 113 127 134 142 146 148
0 5 19 28 89 103 105
1 25 55 64 66 96 122
2 24 25 48 51 67 96 103 132 133 134
14 18 37 84 86 89 104 115 143 146
15 67 86 98 101 106 117 119 142
1 9 21 37 80 88 91 118 142
15 19 22 41 45 63 65 77 93 128
5 22 27 43 65 71 89 93 145
12 18 25 33 72 80 85 97 107 126 137
16 41 50 76 87 128 137 138
13 40 57 64 89 91 96 112
34 48 64 77 83 101 105 124 126 127
14 44 46 80 104 128 130 133 145 148
7 29 35 38 60 64 83 94 116 123 142
24 39 47 51 77 84 93 94 114 127 141 144
12 25 35 60 79 100 116 121 125
12 37 53 56 86 113 116 127 136
1 5 20 94 98 131
31 35 81 103 109 110 123 147
3 5 21 34 42 45 51 72 75 147
13 21 28 60 63 74 76
18 33 60 79 84 99 114 119 122
1 8 27 28 30 49 61 96 107 120 124
55 59 62 106 116 127 138 141 147
7 25 33 40 100 124
11 48 80 83 93 144
29 36 48 71 96 122 128
5 11 21 46 57 74 89 90 105 112 113 118 142
1 5 24 33 57 61 88 118 122
0 20 39 70 72 90 94 95 114 121 123 129
0 5 13 59 65 79 88 114 126
28 33 59 115 133 134 138
3 6 8 17 28 31 40 50 53 123 125 138 141
4 11 36 64 79 96 106 114 116 129
1 2 5 44 60 114 118 122 129 142
0 15 43 47 48 69 77 111 123 128
5 19 23 29 38 48 53 69 75 124 147
4 14 22 30 79 86 90 104 118 135
16 17 20 22 51 55 56 58 63 76 99 114 143
20 32 36 70 72 111 112
0 15 67 70 90 109 119 128 137 142
3 19 21 50 53 59 60 74 97 125 127
17 24 27 28 36 40 45 59 60 83 100 110 142
7 46 54 62 86 98 116 131 134
0 34 43 44 57 107 113 129
24 25 34 43 55 130 143
1 56 70 76 82 135
1 2 9 17 24 27 58 60 62 64 82 91 136
9 10 32 46 54 56 67 73 104 108
10 46 52 104 107 113 149
38 48 70 125 135 136
11 22 63 70 88 93 99 112 113 132 138 143
2 4 8 14 21 24 63 93 120
23 50 54 89 91 95 103 112 120 125 138 144
6 77 95 103 118 145
7 22 82 89 92 130
6 10 30 31 39 83 140
12 40 49 58 60 95 114
23 26 37 39 41 95 96 97 120 135 141
2 23 48 85 96 113 123 134 137
18 51 64 79 80 91 96 111 141 144
7 8 13 45 46 98
28 52 107 112 117 135
1 23 29 34 45 46 54 88 92 95 96 133 137
22 27 40 84 104 112 116 121
8 66 80 83 97 101 106 119 131
13 17 33 53 57 80 88 92 93 98 101 146
23 41 43 53 72 73 112 131
2 8 16 57 59 62 135
3 9 20 27 56 59 66 87 88 89 109 117 149
7 21 24 29 86 93 124 133 139
1 22 34 43 60 66 95 96 105 108 110
10 62 72 107 117 119
2 12 21 39 49 71 72 95 104 106 125 137 145
13 15 45 53 56 62 85 94 123 142 147
56 67 86 90 94 101 109 117 118 120 140
2 4 16 21 70 81 100 112 137 143
24 39 84 100 123 131 139 144
6 12 17 21 75 117 131 140 146
10 18 28 30 41 88 98 112
3 6 21 33 35 44 48 62 91 101 115 122 126
17 23 61 68 100 113 117 120 129 140 148
6 16 51 52 53 57 62 84 87 88 94 96 143
4 14 37 83 89 113 125 136
9 56 84 101 130 145
34 39 90 132 138 143
19 36 43 62 91 129 131 133 138
6 7 8 49 57 64 78 79 95 112 135
18 20 26 29 114 123 133 140 149
71 80 128 132 136 148
47 69 80 86 106 121 122 139
44 56 71 84 98 112
55 64 66 74 90 121 123 127 130
12 19 26 27 50 71 80 85 109 114 115 122 137
27 34 55 106 114 127 128 131 136 144 145
25 43 62 64 73 93 112 113 116 120
28 31 45 47 58 66 85 90 105 121 122 132 142
33 49 51 86 104 112 113 116 118 138 147
9 27 30 31 32 37 45 51 55 56 110
19 27 44 68 77 96 104 113 117 127
19 23 26 45 54 56 76 84 110 113 119 128 141
3 13 16 48 80 111 119 125 129 139 140
1 2 33 64 67 86 89 120 140
8 17 25 26 29 40 47 48 93 102 103 124 140
44 50 61 72 87 92 107 125 146
5 32 52 59 67 70 85 102 110 113 136
37 42 78 93 97 105 119 123 147
2 23 50 52 70 84
5 25 29 54 56 76 82 88 123 126
6 16 19 46 52 64 67 71 92 149
16 33 36 57 80 81 109 125 128 137
6 48 51 101 118 143
9 52 59 98 110 112
40 77 86 87 102 112 126 134 136 138
11 35 40 52 53 55 59 63 79 104 133 135
26 32 35 65 74 79 97 122 132
15 21 47 49 64 66 69 86 100 124 131 135
18 32 40 92 97 98 107 116 148
0 15 117 119 138 148
16 30 37 69 81 102 103
17 19 29 32 35 41 57 64 83 118 137 144
29 32 39 48 66 82 109 121 131 148
1 20 26 33 35 47 49 81
18 44 61 62 78 86 96 97
66 73 74 107 128 145
25 32 51 73 80 90 100 118 142
6 16 32 48 68 78 83 84 89 91 120 137 145
23 27 31 74 84 93 122 132 135 140
3 15 21 45 90 107 109 116 129 131
1 21 34 52 61 76 116 148
12 66 81 122 125 146
2 32 44 86 90 112 117 125 132 133 134 143
18 26 32 37 46 91 99 105 114 133
10 17 29 36 39 44 104 115 118 128 134 138 149
3 43 63 67 72 87 90 96 134
14 16 17 20 25 82 140
9 12 30 31 93 102 117 138
12 13 17 55 65 86 90 95 103 117 134 145
1 42 54 55 101 103 106 107 108 113 123 143 146
17 23 28 94 102 104 106 113 116 120 149
29 46 98 101 102 128 132 135
22 25 28 48 71 72 82 123
9 36 40 47 50 57 65 73 74 91 96 129
64 65 66 77 111 122 137 139 144
5 14 35 68 72 95 103 109 120 148
20 29 42 51 64 79 97 101 106 118 124 137
5 37 46 79 89 102 104 113 123 143
9 58 65 66 96 108 110 122 142
15 21 33 35 71 96 107 121 132 144 147
16 17 29 68 72 84 87 89 99 134 146
44 48 59 60 63 90 91 121
18 31 50 52 63 79 99 110 116 120 123
1 16 29 31 35 46 58 62 64 74 92 97
16 60 66 79 90 109 142
6 16 45 54 74 81 85 86 133 137 144
16 20 28 47 52 73 101 110 119 125 137 143 148
0 17 25 53 64 85 86 107 135
6 9 17 24 32 35 89 91 110 123 127 128
23 25 37 62 97 143
17 26 32 38 51 53 55 70 83 91 124 142
16 22 40 60 71 76 85 89 93 105 137 145
16 26 34 46 65 92 119 126
30 40 86 88 91 107 136 138 145
26 37 43 59 69 72 82 122 135
5 28 41 46 61 83 85 88 95 100 105 118
3 12 34 35 43 49 67 68 87 89 91 92 149
0 38 49 56 120 124 126 136 145
3 7 58 62 66 72 73 76 115 125 141 149
10 27 33 38 41 57 59 64 66 97 122 146 149
16 51 55 61 96 97 118 135 143
46 100 103 104 118 132
13 50 70 81 82 100 103 116
4 21 26 47 59 93 102 122 128 131 142 149
10 20 47 50 56 57 73 83 89 136
0 21 27 29 31 34 43 56 144
26 35 41 50 53 63 64 65 78 100 108 114 123
18 21 26 39 70 77 86 112 117 122 148
6 9 18 20 87 88 104 119 136 140 147
23 62 71 72 89 97 99 102 146
2 26 41 59 65 89 97 112 115 118
32 43 46 49 130 140
23 38 66 69 110 149
33 34 58 64 75 108 122 135
28 29 67 86 88 108 123 143
9 11 18 26 39 49 100 101 116 122 126 140 141
3 6 12 29 61 73 88 98 101 108 116 125
5 9 12 26 35 59 62 78 122 138
27 28 55 57 77 115 128
15 18 56 57 68 73 76 81 105 107 110 125 135
1 36 67 73 112 118
19 56 107 120 141 146
25 51 72 82 83 88 107 117 119 142
9 16 40 50 54 82 98 112 125 137 139 140
4 32 37 39 47 62 63 69 85 108 130 147
9 25 46 92 99 114 127 140
6 15 16 26 33 97 106 116 127 131 132
12 20 34 45 61 73 74 90 91 97 116 136 144
11 12 47 67 78 83 95 97 111 135
3 8 47 51 54 73 81 94 117 126 140 142 146
5 13 37 46 93 97 110 111 112 138 140
3 11 18 65 66 67 69 78 93
28 36 38 43 52 67 69 82 85 95 100 107 117
4 10 16 28 34 48 53 66 113 116
28 57 83 112 124 141
17 25 28 56 81 93 100 109 133
3 21 30 55 60 69 76 79 109 118 132 148
8 39 51 74 110 126 131 135 144
0 1 18 33 38 57 68 70 125 138
2 4 21 26 28 81 82 85 99 143 145
2 8 41 49 53 56 81 89 113 137 142
5 31 63 71 125 149
15 27 29 36 44 65 80 84 86 90 92 141 147
26 50 65 95 129 146
2 33 61 62 71 96 129 146
8 62 79 86 90 105 138
33 35 37 45 55 66 104 120 124 126 130 138
49 50 72 76 108 128
17 23 68 69 113 125 127
6 15 16 23 32 46 51 52 67 80 141
22 43 46 47 72 76 79 89 103 106 125 134 149
5 10 22 45 78 82 125 144 147
15 16 21 25 47 68 102 117 124 130 144 145 146
4 17 32 56 62 78 130
5 21 29 45 50 56 59 73 111 121
30 39 73 117 127 139 141 145 149
17 41 60 68 96 98 118 123 136
3 25 26 32 79 88 89 108
11 14 34 35 39 76 94 105 142 148
42 45 49 53 83 127 128
32 59 62 63 105 126
1 12 30 38 41 66 67 69 84 99 107 109 149
0 14 40 68 108 145 147
6 57 61 62 75 89 103 121
1 21 26 50 62 92 93 101 110 114 145
8 12 24 26 71 109 122 127 139
3 7 42 67 78 111 136
7 8 29 33 46 62 68 75 102
13 15 22 30 31 57 96 104 107
1 5 6 62 64 67 79 94 144
2 3 20 45 51 69 71 99 101 120 125 146
0 8 42 102 112 119 126
23 26 42 51 68 69 102 119 127 130 143 144
10 47 61 72 80 139
6 14 15 26 40 52 55 69 87 107
12 24 32 38 40 52 60 70 103 142
17 49 56 57 63 71 110 111 130 141 143
25 29 55 93 98 105 110 126 139 144
59 73 85 106 107 111 118 119 136 147
28 56 64 68 79 103 109 110
8 35 40 43 54 55 63 110 118 121 124 125 147
0 3 7 14 25 45 52 66 72 114 124 142
87 89 103 105 124 127
35 76 77 84 88 124 133 141
20 21 22 25 77 85 93 108 112 117 118 133 143
16 31 79 81 84 107 128 131
2 5 54 55 71 102 141
27 33 37 75 82 95 110 122 136 143
3 23 29 73 90 93 95 126 131 136
9 14 19 40 49 63 75
7 14 26 86 103 104 109 116 129 142
51 58 84 87 96 104
6 18 28 51 57 98 99 108 111 115 126 145
1 13 16 47 109 136 140
2 28 41 55 67 72 89 94 103 123 142 146 148
15 21 37 46 47 58 61 74 88 106 110
15 43 71 88 95 97 114 140
26 35 43 83 85 102 127 144
5 6 17 22 23 51 52 69 82 92 95 133 134
7 14 19 36 96 99 108 110
13 16 32 35 44 63 75 92 95 103 139 148
1 5 25 32 38 41 45 69 72 86 97 117 124
4 7 14 41 42 45 58 69 73
4 26 43 72 78 80 81 85 90 108 111 139
10 15 18 37 45 51 55 60 70 80 88 94 102
1 7 20 37 88 90 135 138
5 15 22 39 80 82 83 109 127
3 11 23 25 55 58 88 92 108 110 132 141
14 56 88 98 100 108 118 128 142
48 73 79 102 126 129 148
9 30 37 43 76 107 135
0 15 42 50 56 80 81 92 100 114
6 15 18 25 59 76 103 122 132 133
14 57 64 80 83 89 109 130 145
4 11 15 25 28 33 35 73 105 108 125 140 146
39 44 48 62 98 106 118 127 138 144 148
3 11 35 45 64 94 97 101 144
40 53 61 62 64 80 141 147 149
2 35 41 56 78 79 82 84 85 97 124
12 13 17 70 91 141
2 6 10 14 37 40 66 102 110 126 127 128 141
14 22 50 64 65 73 80 115 118
6 9 10 19 25 40 46 47 52 54 66 77 85
31 57 61 120 122 137 141 147
0 4 33 109 119 149
19 35 43 107 121 143 148
18 42 57 86 110 124 132
71 72 82 95 103 106 123
0 11 43 66 67 72 95 101 102 104 127 134
4 20 33 38 56 66 74 89 96 102 103 121
31 35 42 47 67 82 83 109 127 134
11 19 29 30 41 44 49 56 138
58 66 96 103 120 126
17 18 21 36 111 122
17 34 67 98 133 138
16 54 58 61 106 117 121 123 124 129 130 146
3 25 53 60 61 62 143
25 28 31 48 76 92 117 120 121 135
28 30 37 67 85 98
7 13 31 100 120 135
38 54 72 78 83 87 98 102
16 21 37 41 44 55 59 75 80 86 107 111 115
32 59 63 73 80 86 101 107 124 138
55 65 100 114 138 142
16 28 31 65 91 112 121 132
25 37 52 71 87 88 89 104 120
4 51 54 68 70 87 103
1 19 34 36 46 103 118
27 32 38 41 52 58 81 110 132 148
1 10 30 70 102 114 129 140
13 37 45 55 75 100 105 111 124 139
33 41 56 77 84 94 103 113
13 16 29 56 68 72 134
0 8 56 67 107 108
16 23 43 46 67 73 89 93 126 134 137 146 147
9 12 41 47 56 62 67 73 75 76 98 128
29 33 53 54 64 68 70 97 108 117
14 18 21 33 39 48 55 63 65 114 128 139 143
1 51 53 54 63 116 119 122 125 144
0 20 30 54 55 75 88 100 125 130 140 146
36 43 44 69 81 128 143
16 25 32 37 55 111
21 48 52 59 60 78 89 127 134
33 38 77 82 109 111 128
18 35 60 68 77 82 85 120 140
1 23 28 101 111 126 131 140 149
23 42 45 50 52 57 68 114 129 135
3 8 23 41 56 60 63 65 66 92 125 130 146
24 89 95 107 127 141 143
19 29 42 43 70 78 87 103 107 108 121
0 25 26 45 57 70 80 87 128 133
4 7 16 22 40 65 103 106 130
2 37 49 70 71 83 84 94 103 110 112 118 147
5 23 28 29 31 39 72 82 83 110
21 88 93 120 137 140 142 145
26 31 34 40 59 66 79 102 104 127
7 11 50 64 78 91 98 111 114 119 123 129
3 14 24 73 81 82 105 109 114 123 130 143
6 10 25 49 52 54 67 131 141
10 27 31 42 44 76 103 112 126 140 142
35 37 46 87 113 121 134
8 42 44 79 92 116 117 120 143 147
12 21 36 113 118 124 135 137 149
58 74 77 79 94 103 120 127
2 15 19 28 31 52 79 82 104
3 12 47 50 72 78 85 96 137 144
32 44 77 80 131 141
2 7 52 86 98 116
12 14 66 68 77 89
25 31 43 47 57 75 85 89 91 127 131 139
10 20 29 50 56 67 92 98 112 121 128 130 134
8 10 63 70 105 106 116 117 139 145
32 60 73 132 133 135 149
34 37 62 63 76 79 85 91 97 114 134
7 13 21 23 31 45 61 66 83 119 128 141
8 13 38 54 61 66 76 82 97 111 115 133
0 21 25 27 77 99 131 144
2 19 72 76 90 109 119 134 135
9 27 49 53 109 119 121 129 142
8 25 27 46 47 77 90 110 130
25 27 79 81 105 108 143
33 37 42 57 78 83 101 112 125 128 131 140
3 12 55 61 77 83 105 111 112 116 119 127
44 57 62 74 76 79 86 105 111 115 122 127 137
14 34 51 54 71 83 90 96 103 113 122
63 75 83 93 110 114
6 43 49 56 57 90 96 130 133
23 24 36 40 44 56 82 86 91 107
8 21 22 46 56 61 73 86 118 135 137 145
31 46 57 60 66 78 87 94 138 147
6 11 21 29 31 37 41 47 64 65 122 126 135
40 57 62 71 74 86 117 126
32 62 71 110 133 136 144 147 148
18 24 61 71 81 109 136
3 23 42 43 56 57 86 107 126 139
35 42 50 78 87 112 135 144
28 60 76 106 142 148
2 12 41 57 79 83 125
16 38 40 103 112 117 122 123
7 30 31 39 52 62 92 111 112 122
19 20 31 92 112 127 140 141 146
1 18 21 32 68 72 91 92 121 122 131
16 46 48 62 64 71 137 145 147
7 13 18 28 46 53 68 93 96 97 105 141
17 22 24 46 55 56 74 86 89 106 123 132
5 8 27 30 51 64 85 92 108 126 140 143
11 24 39 69 88 98 114 116 140 145
3 6 9 53 81 94 96 107 112 134 137 139
4 29 38 48 58 65 97 102 115
1 25 52 53 69 74 75 77 93 128 134 135 136
24 38 42 47 51 52 67 72 76 98 107 116 126
28 36 39 51 58 75 84 87 90 101 103 139 141
0 1 5 13 22 36 39 48 79 81 85 129
8 22 30 73 82 94 95 100 128 144
26 37 39 50 80 106 108 116 120 121 135 138
16 21 31 43 60 98 101 121 148
9 14 37 39 53 83 104 142
4 23 30 33 45 50 120 148
8 23 31 102 107 115 129 147
13 18 40 50 83 86 90 95 105 115 117 129
36 58 81 82 94 96 102 127 143
3 6 32 34 62 63 65 106
17 42 56 88 98 144
4 27 30 38 49 66 83 93 98 112 113 138
23 27 39 60 68 80 89 95 105 122 125 137 139
0 6 31 50 127 131 140
48 72 80 85 89 100 106 124
72 90 99 109 112 115 126 131 145
5 17 29 42 47 55 79 122 145
0 24 43 44 60 64 70 81 84 106 113 144
19 57 70 118 121 149
9 35 50 59 86 128 138
30 41 52 58 82 95 99 110 117
9 48 62 70 114 149
33 45 48 61 65 83 91 102 123 127 138 145
30 66 78 81 84 106 144
9 51 83 98 120 149
26 69 71 107 122 133
24 28 55 75 93 101 109 127 128 130 133 141 149
12 13 43 57 69 87 111 118 138 141
3 40 63 77 85 102 107 130
8 11 51 56 58 66 109 126 138 147
37 39 53 66 72 82 107 115
0 21 44 59 71 83 115 126 130 147
4 31 35 43 46 87 120
1 19 45 103 127 137 139 142 147
15 24 40 51 76 84 87 108 120 128
14 15 27 29 33 53 65 83 106 109 113 138 140
8 27 62 84 85 112 132 133
3 14 26 27 33 53 54 83 106 108 127 136 148
8 57 96 105 119 120 125 128
19 57 66 96 97 112 118 119 146
12 17 31 45 58 85 106 141 146 147
3 48 62 63 96 109 112 123 140 145 146
17 78 99 111 134 135 147
27 35 110 111 127 135
9 50 57 89 121 145
2 32 51 66 79 87 136 140
7 30 52 79 84 91 135
0 4 16 21 33 37 45 48 73 103 104 113
16 23 25 27 49 59 77 88 110 124 125 134 146
3 10 27 39 63 71 96 102 114
9 10 12 66 113 119 134
0 14 20 37 65 71 103 111 123 127
8 10 20 29 75 93 113 118
6 22 23 36 47 76 92 107 112 137 143 145
9 15 25 27 34 57 80 103 123 140 145
16 50 54 79 91 132 134 136 143
20 44 83 101 122 137 141 145
35 37 72 80 82 88 97 101 123 132 149
2 9 19 22 25 38 40 46 50 73 82 91 125
0 3 29 46 51 69 72 90 97 135 136 137
17 37 48 81 104 105 113 135 148
3 18 35 54 66 69 71 74 104 106 109 120 123
7 14 31 55 61 67 78 79 112 116 129
4 12 21 45 49 52 65 83 91 118 124 141
4 16 17 37 38 49 53 68 77 81 98 110
12 19 55 67 91 102 120 143 149
14 51 56 67 68 72 114 134
5 49 50 53 93 96
0 9 21 33 50 63 71 107 120 124 128 129
5 13 48 84 108 119 144
29 41 42 69 105 141
10 18 22 31 40 42 45 63 133 143
5 20 23 55 89 94 111 114 123 129 139
9 45 105 111 127 130 144
6 23 24 44 65 74 76 81 93 127 129
36 67 75 87 104 111 112 138
1 30 46 47 101 108
30 34 56 63 79 88 89 99 103 104
21 25 77 124 142 144 149
12 14 31 50 57 78 83 84 94 115 124 130
43 65 110 119 124 136 140 141
38 63 109 122 124 125 142
2 9 20 48 55 57 60 63 108
1 2 7 9 23 52 88 104 110 116 128
10 13 19 23 56 57 60 61 82 85 91 96 149
24 26 42 49 55 56 58 77 86 102 109 121
29 64 96 121 125 128
14 15 38 64 69 82 107 144
8 47 58 61 80 87 107 125 137 141 148
14 20 25 27 52 60 62 75 102 121 122 147
2 14 41 61 78 104 119 120 126 141 145
5 17 29 35 59 76 94 103 114 117 126 148
33 43 63 94 119 122
7 12 19 57 96 102 137
0 5 29 45 77 78 79 89 149
14 22 51 60 69 87 111
19 42 43 67 68 78 86 88 127 148
59 71 72 94 95 114
30 42 48 54 64 86 94 129
14 21 31 36 38 63 96 112 116 133 137 140
4 5 12 29 40 69 77 100 108 122 138 148
1 7 13 19 66 68 71 77 82 92 104 124 142
25 28 92 110 122 146
6 15 59 97 109 110 115 128 141 146
9 17 25 33 43 55 57 88 94 100 116 117
4 9 42 67 72 94 97 100 118 125
38 60 63 70 74 102 121 131
11 19 33 35 69 80 87 110 114 119 125
18 43 46 77 93 94 113 114 122
5 23 45 54 61 66 69 72 84 90 102 116 119
13 19 22 62 68 92 107 110 113 137 149
33 39 81 124 135 146
4 9 46 68 126 142
6 15 28 51 73 106
10 13 22 26 49 57 72 74
2 72 88 105 125 140 147
4 16 39 41 49 75 123 135 140
2 36 77 88 95 112
4 36 51 97 99 101 116 137 140
6 28 30 32 92 93 94 107 113 119 120 122 143
14 46 49 52 78 92 101
5 17 25 34 96 125
13 19 60 104 109 132 149
2 11 16 49 86 105 127 141
41 44 58 80 107 111 128 135 142 144
0 50 75 92 110 118 120
33 77 100 111 129 132 135
37 50 62 86 104 132 133
37 64 69 80 86 90 100 122 136
6 17 44 50 63 65 69 86 106 115 129 149
25 38 43 63 74 111 131
16 23 52 73 120 121 147
20 76 93 95 133 139
12 16 31 61 66 96 113
28 29 58 63 67 72 74 82 93 103 122 134
16 30 34 81 101 143 146
27 43 46 61 83 86 130 142
10 22 39 65 86 97 99 116 122 128 135 144
32 52 87 95 101 114 137
1 13 16 31 41 80 85 110 118 129 144 145
2 11 25 30 32 36 51 60 70 87 112
32 33 52 80 97 103 118 127 130 135 137 141
25 27 29 50 89 98 124 132 144
15 32 37 39 57 62 91 118 122 136 140
7 59 63 68 78 81 115 116 124 140
45 79 86 91 130 133
18 72 79 83 92 99 135 142
2 17 57 68 76 108 111 125
12 15 26 38 65 91 107 117 137
1 19 28 33 36 37 38 52 82 88 118 134 148
0 6 56 73 76 87 106 109 122 124 127 134
4 6 42 44 50 68 84 93 149
1 6 34 43 48 72 88 124
2 10 46 86 95 123 145
25 72 78 105 112 122 137
22 49 55 80 83 87 102 105 129
16 69 107 122 130 147
0 15 86 104 130 143
16 17 40 41 69 103 117 143 145 146
29 67 81 94 120 127
8 15 48 53 56 59 118
22 39 61 85 120 130
49 63 66 82 100 110
22 26 44 51 57 74 111 117 122
19 22 23 44 45 52 103 129 140 144
2 5 30 33 40 65 69 90 141
3 7 11 22 52 56 77 82 106 110 125 129
2 19 38 42 61 90 121
5 34 47 48 84 118 124 129
55 81 84 105 114 140
7 16 40 57 81 85 95 98 109 135
5 19 24 27 38 51 90 115 119 120 134
14 20 27 35 52 56 94
18 48 74 75 85 140
16 20 71 89 106 126 148
8 10 21 29 30 36 50 65 74 113 132 134 138
40 57 72 76 109 147
0 11 18 19 27 58 59 136
5 32 36 77 91 140
8 9 10 27 29 31 66 103 125 127 132 136
13 47 62 95 123 142
22 86 114 120 121 142 146
39 46 91 104 113 120
0 33 34 66 68 76 90 98 117 121 133 140 141
74 76 86 97 107 118 142 148
0 7 29 31 39 87 103 123 133 141 145
9 15 33 40 54 104 111
17 32 34 42 44 81 93 108 126 128 136 140
6 65 70 86 97 98 101 121 133 147 148
1 13 22 23 45 55 76 82 90 123
12 31 85 99 124 125
0 67 69 83 125 129
8 22 40 42 65 68 90 102 108 123 127 128
20 42 56 59 77 84 103 106 107 109 116
13 16 30 43 56 69 88 149
14 37 66 70 72 82 93 102 112 136 144
8 32 33 37 48 88 90 111 112 115 132 146
15 51 53 58 117 121 123 134 146
2 5 6 14 40 48 64 90 95 105 138 148 149
14 15 62 84 91 108 109 125 136 138 141 145
1 48 55 60 71 96 99 104 112 129 149
26 43 44 48 50 57 69 91 130 138
5 14 22 50 58 68 88 101 107 120 149
7 68 86 109 111 131 143
7 34 72 83 84 89 92 120 125 131 138 139
0 43 56 75 85 115 121 136
41 50 60 113 123 124
47 53 90 95 97 136 137 146
15 30 35 55 58 59 66 67 69 76 99 107 109
5 11 18 24 39 55 81 87 89 94 114 134 145
38 48 51 55 82 90 91 93 102 143
16 28 38 48 64 65 72 78 86 103 117
1 14 22 28 49 52 53 56 85 93 103 125
1 7 27 128 139 143
22 32 57 95 99 110 148
26 36 87 90 96 101 111 127 148
26 42 68 70 74 82 97 126 143 146 147
41 46 64 75 88 95 111 127 133
42 68 69 107 114 131
9 14 38 64 66 67 77 82 102 118 130 134 142
19 68 71 109 111 116 133
5 32 38 58 109 117 121 138 144 146 148
9 12 15 38 108 148
15 22 26 29 31 48 58 88 117 126 130 144
7 33 43 77 85 127 131
6 14 40 63 65 85 135
18 19 29 67 71 149
6 9 21 28 43 69 110 124 147
14 15 50 70 78 117 134 144
8 9 30 39 40 44 68 75 101 104 113 128 146
22 24 28 38 60 77 81 93 98 106 112 120 128
14 22 24 48 58 62 66 80 87 104 105 147
3 22 36 48 49 60 84 87 88 124 126
4 50 55 60 106 108 113 116 128 136 140
5 66 100 108 115 126 129 149
0 6 27 39 51 75 98 112 114 116 119 132 136
29 43 77 117 123 127
2 20 21 28 29 39 55 62 63 90 127 141
2 3 19 71 85 100 113 123 124 138 143 148
1 7 15 22 40 64 66 83 103 138
24 29 41 55 57 71 80 100 106 123 134 146
16 27 50 89 92 116 129 142 144 146
56 67 77 111 123 124
2 5 37 68 75 95 148
3 34 46 49 70 71 76 117 121 144
11 40 42 61 69 89 93 100 117 119
17 22 34 45 111 119
12 23 53 61 73 93 105
8 11 20 22 86 93 102 130 133
12 95 96 98 103 122 134
0 12 27 52 69 75 94 117 126 130 131 143 149
1 17 42 57 71 79 83 146
0 35 42 50 54 56 65 78 112 122 133 136 144
9 12 21 38 50 62 71 121 133
2 35 72 75 88 97 102 116 129 143
12 14 45 71 120 123 145
