4 6 33 43 44 48 66 74 85 89 125
38 39 115 118 127 136
10 17 18 33 42 45 67 69 72 88 111 118 148
7 15 46 89 103 130
22 30 38 44 54 66 74 76 79 138
8 40 66 77 82 97 104 121 124 139 140 144
20 60 66 91 135 136 140 141 149
2 3 16 18 29 104 114
34 39 51 78 80 84 95 96
22 54 56 73 80 88 111 124 132 142
26 36 53 80 102 110 133 145
17 57 63 79 108 115 122 129 136 149
14 24 25 27 67 78 92 104 110 136
4 12 33 36 57 66 92 93 94 101 121 126 127
10 16 48 61 110 129
53 60 84 85 96 98 131 144 146 148
26 49 83 89 93 96 101 115 118
12 33 65 71 74 87 115 123 128 136
1 19 33 35 36 81 101 107 114 117
16 18 35 54 64 74 88 112 118 128
43 77 89 105 106 140
5 10 92 108 111 121 123
1 4 37 42 43 44 94 144
26 42 50 66 95 122 129 132 141
2 21 33 48 52 56 62 90 119
17 22 26 61 90 138 140 148
26 37 50 78 90 98 130 142
11 14 19 49 57 83 101 133 146
3 9 41 54 57 67
5 33 67 106 140 147
18 31 35 50 94 124 138 147
16 34 52 74 85 97 103 104 110 147
10 47 54 73 103 117
17 31 48 52 72 82 108 123 124 125 128
24 49 72 92 104 122 129
21 25 26 27 33 46 52 81 90 93 101 108 119
12 26 41 64 93 110 130 132 136
52 77 113 115 118 125
5 18 26 34 37 49 56 66 70 100
0 12 13 33 37 59 96 125 138
6 43 48 65 84 91 95 105 117 123 141
8 34 77 78 91 104 106 113 126 139 140
1 37 61 70 74 88 109
1 17 19 45 74 111 125
2 12 25 41 56 85 98 108 109 113 130
21 52 58 70 87 89 101 110 119 131 138 141
27 38 46 95 104 124 140
7 10 47 70 93 97
7 32 52 63 84 88 122 149
0 12 26 38 39 49 55 88 103 104 127
9 10 31 56 86 90 92 97 115 127 141
8 13 26 27 66 106 113 120 121 129
35 37 64 85 111 118 120
17 24 32 35 38 40 48 71 99 120 128 143
53 68 69 96 107 113 125 137
19 41 45 57 64 79 89 109 123 139 143
3 19 28 74 78 81 121 133 145
2 30 42 43 49 69 75 94 137
9 12 14 28 31 37 74 95 96 125 134 144
16 30 39 64 65 66 97 98 100 111 114 116 142
5 48 80 85 87 111 112 118
1 4 11 26 55 63 64 76 87 104 132 141
0 10 20 24 49 71 75 82 97 102 103 146
2 9 18 50 59 64 71 77 86 104 140
8 16 23 29 33 52 69 90 96 98 133
10 41 46 50 61 66 69 111 114 125 129 143
70 72 73 85 95 125 143
22 64 99 108 116 128 139 145
4 5 21 39 47 62 80 89 109 110 123 131
0 6 20 21 23 41 54 68 113 117 128 135
9 17 21 24 37 63 85 108 113 115 117
4 26 29 36 60 71 87
0 10 12 32 71 79 105 106 112 124 132 139 140
36 65 92 100 118 141
14 24 36 39 40 56 82 95 106
46 49 61 85 113 148
39 41 45 64 66 91 100 106 110 125 139
10 11 20 24 30 78 106 111 128 136 137
19 86 93 103 108 125 136
7 8 24 53 61 62 66 97 108 113 115 137
29 40 45 46 48 56 58 61 89 98 99 100
1 18 28 54 63 67 92 115 125 148
21 38 42 43 47 68 69 80 107 113 115 119
38 39 68 69 74 99 145
0 6 13 18 19 27 34 61 62 103 108 132 133
34 43 59 62 66 67 94 100 103 123 130 146
13 33 44 47 49 65 81 87 128 131 147 148
25 46 54 65 80 89 100 103
9 68 80 113 115 125
16 17 33 40 73 98 122 139
37 47 79 80 116 119 126 136
9 13 20 36 60 76 80 89 109 115 118 140
2 8 39 67 83 85 88 93 111 118 131 145 148
1 14 38 85 96 100 116 149
3 42 58 83 86 92 111 120
26 51 56 64 76 124
10 17 27 34 83 96 97 147
12 21 26 100 138 149
0 4 13 34 41 63 88 106 119 128 142 149
3 9 26 83 91 117 123 124 130 134
23 34 44 48 77 82 86 97 115 130 135 144
35 72 82 84 85 86 114 140
14 15 34 60 73 102 114 125 129 137 142 145
11 18 21 28 39 42 53 73 90 109 112 146
19 21 30 66 71 84 101 110 117 134
11 14 33 38 39 41 53 56 99
4 7 9 10 16 41 62 77 116 146 147
7 15 60 96 102 138
5 26 38 49 54 57 64 96 114 125 136 144 147
17 21 48 63 73 86 94 106 123 137 149
19 51 52 56 103 116 126 130 132 142 144
13 29 46 54 68 70 84 87 99 113 126 129
3 13 22 24 35 39 45 58 71 134 135 140
26 55 63 69 80 84 86 120
4 12 19 90 98 100 107 111 126 134 144
19 23 26 46 52 57 62 65 72 86 87 102 105
33 43 58 65 81 89 90 110 121 126
1 12 23 39 40 48 106 110 120 124 128
9 11 84 113 124 134 140 147
22 38 41 46 48 51 92 95 96 102 103 107 128
6 13 34 46 49 112 125 133 137 142 148
5 8 11 46 54 56 60 62 68 118 134 140 144
1 2 7 46 53 62 63 118 122 131 144 148
3 42 62 80 81 127
2 5 38 42 53 60 64 71 108 109 111 123 124
10 19 40 41 45 65 69 106 112 123 130 138 139
48 51 52 68 139 143
9 12 15 43 52 59 64 113 127 133 136 145
2 43 55 67 132 136
8 76 106 121 124 131
1 35 38 43 70 88 91 108 118 137 142 149
6 35 59 60 66 135 139
4 17 75 89 91 130 134
16 21 24 36 41 55 72 106 122 140 145
8 27 42 44 56 72 88 107 127 130
74 98 115 119 126 133 146
22 26 38 59 70 80 83 86 89 104 138 140 141
19 77 83 84 126 127
16 21 31 64 84 85 136 146
6 8 9 61 110 114 131 132
13 25 104 106 108 110
11 47 81 89 103 108 113 120 125 134 141
25 64 67 73 80 123
6 22 99 109 132 138
3 8 17 53 67 71 75 86 107
5 8 18 27 65 71 84 88 98
7 34 73 81 83 94 95 124 143
7 11 13 23 35 52 54 76 117 141
24 25 26 37 66 72 91 98 100 108 147
5 9 14 43 62 77 96 101 127 143 149
5 15 17 21 59 67 113 118
5 6 24 35 72 100 103 114 120 121 147
3 20 28 31 50 54 58 92 95 123 125 142
11 12 24 47 68 82 96 103 127 144 148 149
14 16 22 31 60 72 82 99 110 124 125 132 148
7 39 49 70 82 90 108 117 132
1 4 37 48 59 77 94 109 113 132 147
10 23 49 56 66 83 108 136
9 23 37 111 118 124 145
10 38 60 76 103 110 115 117 120 122 141
10 27 67 75 87 120 128
2 11 20 27 35 39 44 47 50 58 69 76 104
14 33 44 85 93 97 119 121
12 13 27 43 60 70 74 88 94 110 120 130
2 18 43 78 93 102 103 110 119
12 27 34 46 62 71 90 108 122 138
10 12 37 67 68 145
2 13 18 29 38 43 49 56 57 68 103 122 146
9 18 38 55 67 73
22 24 25 33 59 81 102 110 133 149
2 13 22 34 58 73 86 125
10 22 54 97 111 117 126 136 146
8 22 28 33 42 86 120
1 2 15 38 46 50 56 73 78 122 142
0 7 19 42 75 88 113 125 148
27 30 40 55 69 70 71 74 77 87 118 121 126
20 33 58 68 108 121 129 136
14 31 39 40 43 71 135
10 47 72 82 97 116
13 17 28 29 62 114 120 133 135
4 17 28 61 123 138
34 64 80 92 99 101 118 125 147
17 20 21 75 112 116 132 134 139
45 49 56 103 119 139
23 28 42 55 60 93 104
8 12 20 30 36 55 65 72 81 114 118 131
23 27 61 103 113 116
5 16 17 69 106 118 125 138
28 62 75 81 110 121 133 147
7 27 33 41 49 58 63 90 113 131
20 25 29 42 54 76 77 86 90 103 120
1 9 16 51 101 102 104 124 139 149
11 13 15 16 20 76 77 80 81 88
2 3 16 38 43 48 71 133 149
4 9 14 38 92 111 126 131
30 44 48 50 60 61 66 84 92 128 141
3 59 71 97 98 115 119 132 135 136
3 17 25 41 63 82 125 142
0 24 27 28 32 58 95 131 142
3 5 28 31 85 118 143 144
3 36 46 76 81 85 124
0 41 48 50 51 60 66 74 76 84 93 143
41 76 80 100 125 129 146
1 28 35 65 78 84 85 89 96 124 126 134 144
4 6 13 15 16 32 33 37 41 61 102 131 145
11 23 32 69 73 74 76 80 95 111 137
12 29 44 46 61 62 63 73 107 144 146
16 39 51 58 59 64 71 75 77 100 104 116 136
3 19 43 56 60 63 70 88 113 123 124 127 133
1 4 28 41 42 77 86 102 106 117 121
4 16 23 27 28 42 56 68 71 97 105 138 145
27 55 81 97 114 123 125 133 135 148
12 23 45 53 64 66 74 80 81 92 109 116 142
11 27 48 71 90 113 122 130
13 22 33 39 56 70 78 127 129 149
21 27 30 79 95 135 146
0 8 14 16 50 57 60 74 107 114 127 146
20 25 29 33 39 41 51 66 103 111 125 131 148
19 47 55 93 95 103 114 129
5 31 57 79 103 108 130 138 145
59 68 87 102 106 113 122 123 132 138 145 146 147
18 32 84 91 98 118 123
1 9 16 27 31 42 46 77 80 98 117 119 120
0 6 44 55 64 66 76 93 108 110 121
1 6 32 33 35 71 74 83 90 100 108 141 146
38 43 48 50 51 61 98 99 103 108 118 138 139
39 50 60 61 66 68 72 83 114 116 117 131 135
7 20 22 24 32 36 47 75 97 110 124 146
9 35 43 59 64 88 102 116
3 14 44 47 69 86 88 89 147
11 31 43 50 56 59 60 70 73 96 106 113 138
5 13 27 65 66 70 74 83 94 111 118 143 146
16 33 48 56 58 127
32 61 63 64 75 77 89 98 105 114 123 135
24 26 33 40 56 69 84 89 97 103 139
10 18 25 71 87 91 139
78 82 100 103 116 139
14 38 44 71 100 118
41 45 84 88 101 107 124 134
0 4 34 42 48 65 69 79 105 130 135 143 145
9 30 34 78 81 88 96
9 18 33 34 57 104
24 53 58 75 81 140
50 66 69 71 78 80 87 93 121 143 148
8 17 39 50 52 75 95 104 120 128 142
0 12 27 28 64 71 82 94 104 108 113 132 148
3 30 33 49 58 99 100 102 117 142 145 147
2 19 25 32 37 82 92 114 139 144
4 13 14 47 54 89 105 115 119 124 149
1 5 60 66 71 77 89 90 113 117 122 136 137
10 24 32 33 57 86 100 148
12 36 38 43 54 63 70 84 85 86 112 113 124
0 10 18 44 61 82 84 91 102 103 128 141
21 22 25 72 90 95 97 115 121 122 135
0 19 35 36 46 62 86 99 106 126 128
25 50 98 102 119 121 123 133
4 6 39 55 95 113 120 133 137
1 30 33 57 98 123
1 3 6 39 65 66 82 86 102 108 126 131 132
4 33 35 42 48 88 89 99 126 135 140 149
3 17 20 34 49 54 60 63 106 127 139 144
3 21 56 59 78 103
12 75 88 97 105 119 134
24 25 86 87 135 145 147
1 23 27 73 90 146 149
2 10 16 32 59 80 113 128 129 145 146 147
11 40 58 61 72 95 96 108 111 116 148 149
4 28 41 42 49 60 97 114
7 18 21 48 53 65 95 101 142
15 37 60 73 131 145
6 50 51 76 86 88 109 114 128 130 132 133
18 20 41 70 77 90 102
8 21 32 43 52 63 81 112 124
10 25 60 77 88 111
7 13 27 29 33 54 71 77 86 101 103 123
2 15 53 87 95 96 129 138
8 22 62 83 135 147
9 19 80 110 113 124
6 10 31 47 49 55 74 86 90 145
9 29 58 74 81 82 114 123
17 28 81 82 88 128 131
15 20 36 55 74 101 120 122 140
5 7 9 26 31 58 66 69 77 127 128
7 42 44 82 100 101 102 125 130 146 147
6 24 28 41 68 99 122 147
6 12 22 31 38 43 89 97 112 118 144 146
8 69 71 76 81 89 90 125 139 142 145
9 20 47 55 84 108 138 143
2 18 26 64 82 91 116 140
57 87 100 101 131 136
31 50 66 71 75 92 103 104 122 132
15 27 36 40 56 74 80 82 90 101 113 125
3 7 17 36 37 45 57 74 102 108 109
13 15 19 53 81 89 123 127
3 42 84 87 88 100 101 149
1 22 34 53 77 82 122 128
37 42 50 67 73 96 110 123 127 133
23 28 30 36 43 58 79 90 96 116 119 127
30 37 39 51 111 116 129 130 142 144 147
12 29 40 80 82 108 133
33 35 46 52 59 61 65 69 70 78 120 128
19 50 62 124 140 142
12 32 45 52 67 96 111 120 149
6 11 22 44 65 90 94 100 114 130
1 4 6 53 54 63 85 87 94 128 134
18 20 28 54 77 119
38 50 52 53 72 84 85 106 124 137
12 15 16 18 57 58 81 88 125 131 135 142 148
8 15 59 69 72 75 81 139
2 10 33 45 51 52 66 71 105 146
18 43 81 93 111 138
13 45 51 52 94 111 115 116
27 58 96 125 139 140
33 52 55 60 76 86
10 12 36 53 65 81 103 107 127 148
27 33 48 52 80 89 100 127 140 142 146
2 26 45 50 89 96 128 131
13 21 36 39 83 87 110 120 130 137 143
4 6 29 51 107 123
43 52 54 67 77 85 88 98 132
19 24 50 56 62 85 111 126
62 78 84 89 101 102 106 133
1 13 56 59 91 99 101 105 129 143 146
8 17 36 42 143 144 146
18 29 72 78 83 97 100 102 117 120 138 144 148
3 7 10 19 26 54 57 71 75 92 99 122
8 12 30 33 57 68 79 98 101 123 144 147
1 5 42 61 63 79 80 81 102 136
33 38 53 62 68 84 87 91 93 108 112 132 133
33 57 72 95 99 112
9 44 50 52 60 68 71 98 126 132 136 140
1 10 35 38 39 62 74 88 138 147
2 16 18 27 29 45 65 66 80 98 121 128
20 32 52 61 99 131 133 135 146
1 11 61 71 82 83 84
4 41 56 62 63 99 132
2 17 19 27 33 36 45 50 80 93 119
12 13 20 21 59 83 93 98 118 140 148
11 30 50 51 63 86 87 99 108
0 16 43 79 112 148
4 22 24 57 60 67 83 88 108 114 126 132
4 15 31 37 39 54 73 77 110 111 112 114 118
2 8 11 46 81 83 123
1 7 38 57 59 67 68 81 86 98 107 125
28 33 63 91 99 107 119 134 137 141 149
16 23 41 59 88 116 132
7 11 12 18 46 50 63 101 127 129 130 137 141
36 45 72 87 93 118 123 134
14 34 35 64 84 115 118 126 135
10 21 34 43 63 70 102 109 120 135 136 138 143
15 111 112 115 137 145 148
16 22 44 73 74 90 93 106 130
18 26 28 40 42 64 84 93 121 122 146
7 65 102 105 113 118 130
31 69 72 87 134 135 137 146
3 30 59 60 66 70 74 107 115
0 7 22 29 49 52 56 73 106
34 59 65 67 94 99 140 142
4 15 18 19 21 59 72 95 121 137
3 15 30 34 49 71 81 112 143 144 149
4 54 62 116 122 131 147
8 11 13 21 24 41 54 93 100 101 139
7 36 54 61 86 96 100 112 114 121
19 36 37 45 50 62 69 94 125
3 14 21 27 44 45 75 92 122 142
22 23 53 73 95 101 109 133 140 146 147 149
10 13 15 41 47 60 77 113 116
35 38 43 59 62 63 144 148
42 54 67 106 120 122 144
2 10 28 30 51 58 60 104 112 131
11 17 44 52 66 71 86 100 101 109
1 12 23 41 53 101 102 107 128
11 29 30 65 84 140 146
1 12 39 40 80 83 93 140 141 145
5 26 63 75 82 87 103 104 106 108 134 135 139
27 34 44 70 106 111 139
3 6 22 50 79 116 137
85 92 110 113 122 142
5 13 16 46 66 71 76 123 131 139
9 23 44 51 69 78 91 98 103 110 117 120 121
5 9 11 14 25 36 54 69 95 100 113 115
4 9 17 19 73 94 135 142 146
12 36 49 55 58 83 86 103 105 108 109 114
14 30 32 52 56 67 100 101 105 128 135 137 144
17 23 24 28 78 97 149
11 19 24 74 78 88 91 100 140
3 30 36 44 123 146 148
12 27 29 97 125 133
8 19 80 90 97 108 140
28 29 31 40 72 79 99 115 120 121 139
2 15 25 60 64 65 68 80 96 106 107 114
24 38 49 73 82 92 118 124
8 25 47 51 65 84 110 111 115 120
0 25 27 45 78 101 132 134 135
10 13 34 45 88 93 120 130 143
11 22 24 62 65 109 138
0 18 32 35 54 76 93 96 114 119 126 143
8 30 35 39 43 80 86 100 115 121 124 137 149
14 16 57 67 94 108 126 128
1 20 26 38 66 74 80 101 105 106
25 36 63 86 93 100
12 53 73 83 88 92 120
0 66 70 123 125 130 131 147 148
35 51 79 85 132 135 137
24 32 34 52 86 124 126 137 143 146
29 57 70 76 89 137
14 27 41 44 47 48 61 73 87 90 94 110 130
46 54 67 69 70 102 104 105 110 129 135 136 140
37 43 72 73 78 89 101 106 133
12 16 73 100 114 121 124 126 132 146
0 40 41 48 88 119
4 7 17 29 34 42 56 65 84 100 106
0 9 13 31 43 54 92 100 120
10 62 64 92 98 106 136
13 16 65 70 78 83 87 116 119 126 144
2 36 43 70 78 93
0 5 26 50 64 70 93 139 143
9 21 37 78 86 89 95 100 101 109 114 121 140
1 16 66 70 93 110 112 124 129 149
2 6 46 51 62 88 95 125 143
3 10 11 19 21 45 66 70 78 134 142
1 5 7 17 42 56 99 108 113 144
18 50 71 123 124 128
6 41 53 56 63 77 86 89 131
16 21 31 43 48 84 92 100 107 111 133 135 143
9 22 29 40 73 79 90 95 102 108 109 126 135
27 46 56 59 95 112 122 138 144
11 35 47 52 68 82 87 92 125 140 149
30 65 113 116 138 141
11 60 92 110 115 148
6 40 57 81 93 96 101 106 108 112
15 16 31 67 82 90 91
6 10 15 16 19 21 46 58 77 82 85 92 102
21 45 67 82 108 116 126 136 142
1 23 29 53 105 128
4 37 98 105 111 121
8 15 24 35 73 80 99 112 124 136 139
3 25 26 42 112 119
4 8 42 48 51 52 61 69 83 104 111 116 117
3 20 39 45 51 110 138
6 14 43 102 112 117 127 139 141 144 145
6 23 24 31 46 47 51 54 90 108 112 134
5 12 31 69 123 136
11 21 23 40 43 45 110 119 127 139
0 1 32 53 80 85 86 119 135 139 141
9 31 36 63 74 110 129 140 147
6 29 75 80 95 97 100 102 110 127 145
15 38 55 72 78 127 133 134 147
48 57 58 92 93 119 124 129 138
4 26 38 44 45 64
4 25 66 70 71 78 112 122 130
16 35 59 83 87 94 118 119 121 139
7 19 45 50 64 77 83 87 93 107 118
17 22 56 58 61 70 86 95 97 108 121 130 141
1 6 66 73 88 89 128 135
2 5 85 100 112 119 120 129
0 8 37 55 64 78 105 117 119 134
9 63 70 98 122 133 140
10 17 20 23 37 75 77 81 87 95 104 109 138
42 46 55 89 99 108 111 120
6 13 14 20 36 53 74 118 131 136 143
5 6 43 44 45 62 80 89 90 117 121 134
3 104 127 130 135 147
57 60 84 85 86 106 112 116 119 128
5 6 35 36 55 64 80 87 100 101 113 124 132
0 19 21 62 85 88 94 95 105 113 144
0 10 58 70 83 84 89 109 118 122 127 129
13 56 64 67 98 103 119 120 128
0 10 16 65 79 86 105 130 134
6 43 47 59 69 71 76 92 147
7 16 22 46 59 66 71 86 88 104 109 124 128
1 14 20 39 43 107 135 143
3 6 35 62 64 96 106 109 134 141
2 7 12 27 51 90 100 107 109 116 137 140
2 7 14 18 26 27 35 41 54 93 118 128 138
4 24 54 61 68 93 100 113 129 135 137 146
1 62 68 70 77 102 107 110 115 135 142
15 34 46 47 61 116 137
11 20 32 40 46 65 67 87 96 107 127 134 147
2 15 23 30 34 94 110 120 130
4 25 56 73 90 94 104 110
3 9 17 43 51 52 55 66 67 68 75 109 116
22 61 64 66 68 75 86 87 89 111 134 141 147
5 9 28 41 61 66 78 92 118 121 123 136 140
18 20 50 59 64 69 102 119 138 141 148
4 7 12 17 51 72 97 121 131
2 16 17 20 26 34 45 53 60 78 90 123 132
13 22 23 25 46 50 64 86 110 122 147 148
6 10 11 23 26 30 51 54 65 101 119 145
2 5 91 113 114 132
2 10 33 35 41 79 86 121 122 139
47 50 59 63 74 85 97 130 131
16 21 51 57 61 79 81 88 90 104 110 113
28 30 36 70 85 95 97 106 114
7 11 22 34 48 68 72 73 74 120 134 148
66 75 87 91 105 107 115 128 130 144 146
34 53 59 101 139 143
8 10 34 44 71 80 95 98 110 116 122 134 140
18 33 46 69 81 91 97 120
1 10 18 24 37 44 52 118 137 149
25 44 51 83 100 125
0 28 31 33 67 77 81 109 110
6 26 27 77 84 86 88 118 119 138 146
26 31 34 37 61 76 105 122 145
1 21 29 41 48 58 90 100
7 21 34 60 67 83 107 111 112 113 120 125 128
2 77 106 126 142 148
51 58 62 69 70 76 84 149
5 9 16 22 23 32 41 46 97 106 113 128 137
18 67 75 91 108 111
3 16 20 23 80 102 116 128
5 6 28 75 78 93 95 101 104 124 132 139 140
4 8 14 113 144 149
1 7 51 54 55 68 100 113 118 128 136 137
23 29 42 50 66 69 82 108
5 30 49 76 77 78 117 130 143 144 148
11 14 33 44 63 92 102 125 131 147
1 18 19 29 53 60 66 74 79 110 131 138 146
16 20 45 90 92 96 106 107 114 136 141
24 41 55 69 70 95 109 115 120 146
16 29 30 31 33 57 66 119 124 134 141
8 15 40 95 113 131 133
14 25 28 38 44 51 57 69 98 119 136 138
1 15 25 63 92 148
4 18 44 51 57 97 104 106 107 119 121 130 148
26 29 37 47 106 130 139 140
3 7 43 47 49 84 87 93 96 101 117 124 144
3 6 27 41 54 69 85 96 102 109 148
24 26 40 49 50 69 81 108 122 125 149
2 28 35 63 74 122 134 147
1 5 9 25 41 51 56 57 70 86 92 97 116
25 56 72 119 122 131
14 17 18 49 67 72 80 88 89 96 143 144
23 31 102 132 134 141
42 65 67 75 86 103 136
1 24 27 113 124 132 141
1 22 49 63 64 78 96 103 107 112 113
12 19 84 85 96 102 142
34 48 55 56 58 59 60 76 108 110 142
6 24 32 36 50 63 70 85 87 116 130 145
1 93 95 108 113 116 135 143 145
0 2 19 21 24 27 51 70 72 79 96 113 138
13 27 48 58 79 95 98 118 121
27 38 49 95 100 125 146 147
10 15 26 39 43 74 98 99 106 127
36 45 61 77 113 130
10 17 38 40 72 85 91 97 115 127 135 136
12 24 37 60 63 75 94 115 126 130 133 142 148
0 21 27 40 44 51 70 81 93 96 100 131 149
21 25 63 77 99 103 115 120
44 51 52 66 88 92 93 96 122 126 142
0 1 15 31 33 57 62 106 107 123 136 143
11 13 23 31 42 55 62 67 89 92
8 53 69 74 79 93 106 111 123
8 19 22 35 37 42 56 58 64 93 109 133
19 25 41 51 72 100 136
0 73 95 104 137 140
5 25 28 34 47 70 82 111 147
1 36 56 60 87 106 109 138 142
10 12 14 18 47 53 82 109 112 114 132 145
40 41 63 76 96 100 104 108 124 147
1 29 58 61 101 112 117 119 140 143
10 59 72 74 102 138
12 30 36 57 71 74 101 112 115 125 131 145
3 10 14 56 67 82 88 92 101 115 121 133
11 46 62 68 72 86 97 118 125 145
3 15 17 22 35 46 48 52 76 82 89 105 126
26 28 40 53 71 85 91 97 115 118 138
15 18 19 30 40 77 124
4 5 7 38 73 83 109 111 119
20 22 23 60 62 91 93 101 102 131 137 140
16 20 34 38 48 56 68 126 145 146
10 18 54 67 75 85 98
7 19 37 76 98 133 146 147
9 11 14 15 16 31 69 72 78 86 103 113 119
24 26 43 44 69 72 83 107 115 139 146 148
1 31 50 93 122 144
0 8 72 106 116 117
4 67 69 85 115 122 123 139
21 22 23 60 61 67 79 115 144
8 9 10 60 74 87 109 120 134
33 61 70 77 80 101
7 29 32 40 43 50 70 73 74 88 113 137
30 67 78 91 95 100 120
6 8 15 27 39 129 147
22 37 41 74 100 102 116 121 146
30 41 43 54 69 77 80 81 100 111 133
16 25 34 36 38 39 41 80 84 106 110
29 56 67 94 104 140
8 11 14 17 21 22 40 77 134 136
10 34 41 50 61 71 76 86 87 107 132 135
1 75 110 112 135 140
1 4 14 20 30 88 94
10 53 93 125 127 130 143 147
5 29 39 71 77 82 87 90 96 135 142 146
1 21 28 34 60 69 93 110 120 133 137 145
55 67 97 107 115 148
6 8 29 50 57 60 83 88 91 117 137 138 142
5 12 14 26 42 47 58 62 94 96 109 149
40 41 44 53 66 115 122 129
9 12 29 40 46 51 67 132 147
0 9 12 13 14 33 39 76 84 117 119 137 145
48 77 90 93 105 116 123 128 131 144
2 21 99 118 130 139
63 70 73 82 84 103 111 129
75 83 128 129 134 146
2 7 11 52 58 84 92 125
0 8 25 49 53 76 112 115
13 15 18 22 45 78 99 108 113 115 123 139
6 10 17 28 52 63 71 76 93 133
40 52 65 66 84 133 137
20 26 87 95 118 125 135 140
7 21 37 39 42 45 48 51 71 81 101 126
51 81 87 93 110 117 139
47 64 101 109 118 125 138
1 19 27 49 51 55 81 91 102 107 131
17 30 55 62 71 76 92 94 123
56 75 77 80 89 96 118
7 26 32 51 68 82 87 92 98 133
1 15 19 63 93 94 97 111 113 142
0 10 27 44 83 90 107 108 127
12 24 39 101 104 106 120 148
8 33 48 50 68 84 112 119 131 142
36 60 63 75 112 117 131 136
4 16 26 28 46 79 107 126 137 144 148 149
0 25 54 59 72 77 83 85 99 114 117 134 144
10 29 32 33 42 59 63 90 97 110 128 135
7 11 15 27 45 56 60 63 72 90 97 118 142
15 39 71 102 130 139
10 26 59 66 93 112 130 132 136 137 149
4 10 39 62 65 67 84 119 133
5 39 58 133 147 148
5 8 55 65 70 75 92 105 108 112 122 132 135
13 54 62 80 106 119
34 44 70 79 82 95 101 102 105 106 141 143
11 29 35 43 46 48 56 71 101 132 140 142
0 14 45 75 82 85 141 146
15 21 60 65 119 126 128 137
14 16 58 72 74 76 93 124
41 58 63 69 78 96 145
21 26 60 93 103 129 132 146
1 37 46 78 120 149
18 29 35 75 87 95 103 108 132
20 25 26 40 50 63 94 99 144 145
15 28 54 71 72 100 110 121
8 18 24 29 112 144
10 41 61 91 94 98 123
9 23 33 35 37 41 48 50 60 80 89 130
12 16 33 50 75 91 95 98 114 135 136
2 15 26 27 31 52 99 110 116 125 149
7 8 32 79 85 95 104 105 127 131 135
24 68 80 87 94 100 101 111 115
23 64 74 82 85 88 110
5 6 34 44 48 60 75 77 97 105
53 82 91 99 114 119 128 133 140
0 46 58 75 97 108 115 121 135
7 39 43 80 85 123 147
8 9 31 48 55 90 95 109 120 141 143
33 35 59 68 69 84 86 103
61 64 72 80 86 92 107 148
22 32 40 62 70 89 93 98 103 113 126 130 132
0 15 25 29 72 81 90 100 109 138 148
25 34 113 122 130 143
19 22 30 43 82 147
36 61 66 78 110 112 127
13 15 24 44 58 59 71 73 78 93 101 126 143
0 10 43 74 86 109 110 114 131 142 147
12 71 78 86 94 107 110
3 10 31 39 87 99 111 131 135 146
24 50 67 96 118 137
3 40 55 69 76 82 108 134
12 26 35 48 52 59 83 85 88 92 106 133 143
13 28 39 42 44 59 107
46 48 57 73 81 83 88 117 125 134 140 147
14 20 34 58 77 83 96 98 111 122 144 145 146
19 29 40 55 65 96 111 149
11 61 62 83 95 101 110 124 131 143 145
25 65 71 76 89 90 102 105 108 113 117 123 139
35 39 54 80 113 120 125 129 133 144
6 50 75 85 98 124
16 21 57 89 95 96 104 122 144
12 23 50 73 91 96 126 128
26 35 42 46 48 56 111 112 128 129
11 24 41 48 49 51 67 82 88 100 112 135 136
9 21 38 67 77 90 91 128 141
6 20 24 34 54 64 100 115 147 148
8 10 25 64 77 92 105 108 121 129
3 30 39 68 81 101 129 140 149
12 67 104 127 131 134
9 21 26 35 73 74 149
13 23 38 39 46 52 92 117 136 141 147
6 24 52 63 73 138
7 18 28 29 43 95 116 125 132 148
8 25 50 53 62 69 84 86 92 129 148 149
2 12 29 39 58 65 68 82 85 97 99 116 118
32 37 100 117 119 138
1 22 30 43 81 87 90 105 114 125 138
15 66 72 78 80 85 89 102 103 106 117 128 149
0 24 36 39 41 53 68 75 76 81 85 92 139
45 59 62 71 81 126 144
23 34 43 51 60 70 78 85 101 117
4 8 16 21 41 43 72 74 79 80 88 123 144
57 67 96 103 110 117 120 126 132
33 42 46 73 93 97 102 129 130 137 139 145
23 29 32 35 40 85 89 116 117 132 139
10 18 30 63 81 107 109 111 127 128
15 30 37 75 83 120 126 138 145
10 22 23 26 40 59 75 81 88 104 112 123
36 56 58 82 111 119 135 137
3 17 35 41 61 79 94
12 20 69 74 90 92 96
1 11 16 17 18 79 94 120 138
6 16 51 70 86 94 98 115 138
64 68 103 110 121 143
9 44 48 51 72 75 78 92 96 116 124 142 144
9 10 42 53 81 86 96 126 144 145
21 44 60 75 79 106 110 127
27 57 80 85 109 111 122 125 126 129
1 13 27 53 69 97 101 104 133 146
0 13 30 56 69 144
4 15 32 96 99 102 115 127 145
13 23 65 67 91 119 122 127 128 139
2 5 49 69 112 115 133 142 146
4 10 76 78 106 114
37 41 47 57 71 72 79 88 91 118 129
8 29 33 97 125 131
9 17 26 32 70 72 87 93 119 120 128 134 145
33 75 81 94 120 125 126 132 140
5 17 21 31 33 37 50 66 78 88 109 144
6 17 19 21 23 33 67 98 110 114 118 127 148
36 89 94 110 111 145
19 63 69 74 89 90 92 101 106 107 124 126
16 27 69 72 79 90 108 120 128 141
62 75 83 99 113 145
6 18 27 34 69 106 116 133 146
30 62 90 107 111 112 144
29 31 40 59 62 64 92 123 127 131
3 14 97 102 131 136 141
28 35 66 75 84 135 140
1 25 46 82 85 86 132
38 63 65 73 84 87 93
6 27 32 59 76 79 91 123 131 149
12 36 63 68 92 106 137 146 148
13 18 19 26 79 95 98 102 108 126 143 146
5 28 35 72 85 88 93 138 142
10 31 42 117 139 140
10 20 63 69 71 80 89 91 96 97 116 140 147
10 15 26 30 34 38 55 83 100 126 148
5 27 28 71 116 133 137 148
6 13 71 83 102 103
48 56 82 91 94 96 124 135 147
18 31 34 44 59 74 83 84 110 119 120 121
27 49 63 65 69 74 76 79 91 99 121 138 144
8 29 74 90 133 141
28 30 45 62 67 74 76 93 111 114 123 128 146
0 36 38 46 128 130 131
28 29 46 47 49 50 71 76 101 115 119 133 148
29 58 73 75 116 118 144
1 31 41 57 58 62 69 107 116
31 54 60 61 66 71 92 94 111 116
3 34 52 90 94 119 147
1 15 43 48 52 56 84 95 102 109 130 134 144
4 14 52 79 100 136
24 33 43 62 70 75 83 111 124 129 130 138 146
17 32 87 103 112 119 121 143
2 6 16 22 43 46 48 53 65 99 147
20 29 30 34 37 56 61 63 67 72 97
2 16 60 73 75 79 83 121 137 144
18 42 48 57 67 77 114 131
2 3 18 32 74 80 83
12 13 36 38 46 58 69 85 114 116 143
25 64 80 81 101 104 111 113 117 122 138
35 45 52 60 68 97 125 138
9 31 34 44 60 82 124
20 21 30 51 76 82 86 87 92 117 131
17 44 60 83 130 135
45 58 65 91 100 103 110 117 120 128 130
5 8 14 28 29 39 69 92 110 113 135 136 148
40 78 110 116 140 145
5 18 20 46 89 91 104 122 133 140
53 54 59 78 81 83 85 86 95 109 110 116 122
14 17 34 48 59 74 75 76 87 112 126
4 33 77 81 109 115
23 41 64 81 104 105 114 118 132
3 24 26 44 86 89 92 115 130 134
7 42 61 75 78 81 83 104 105 110 123
8 12 14 28 30 79 95 98 104 108 112 120 134
41 43 48 52 53 103 121 135 142 145
5 23 54 58 73 81 88 91 104 134 145
40 45 51 81 84 127 130
6 8 86 98 121 124 138
0 18 20 64 68 93 96 98 109 139
3 16 26 37 103 123 143
11 14 37 48 61 74 120 127 131 133
7 22 28 44 58 76 104 106 143 148
12 26 51 61 71 84 88 96 110 122 130
8 26 37 50 94 98 140
0 17 29 33 40 53 67 90 108 115 122
62 63 64 75 94 142
9 21 23 24 50 73 81 96 127 132 136 141 147
15 42 47 78 118 122
21 28 32 45 51 61 65 86 90 149
11 12 21 37 41 56 61 73 89 133 135
23 27 35 60 73 78 92 133
13 33 44 66 70 105 112 139
4 13 20 68 75 112 137
39 48 49 51 71 107 109 121
10 36 39 41 45 46 75 99 113 115 121 139 144
8 23 40 54 74 81 94 104 115 124 126 137 144
18 41 52 67 68 88 92 99 134 137 139
9 32 35 65 67 88 92 148
2 4 33 36 72 102
20 26 41 52 79 90 126
28 55 83 88 95 105 106 132 143
8 28 70 88 111 138
3 5 24 46 51 66 89 123 126
6 18 34 75 79 83 101 114 128
5 17 19 24 27 52 66 69 73 97 114 126 145
32 44 56 85 106 131
20 36 49 64 84 93 130 138
67 106 110 122 128 130 137 144
35 38 91 96 124 136 139 147
17 21 27 33 53 57 62 76 89 129
1 21 32 34 63 81 83 88 118 120 127
27 34 35 37 88 130
14 32 34 42 65 73 109 110 132 140 146
7 31 40 66 75 78 91 110 120 131
15 20 22 27 41 57 60 98 103 117 138 139
55 67 70 76 85 87 113 116 134
21 39 47 66 67 95 96 118
21 44 54 64 87 118 128 143
10 18 57 59 82 95 101 104 105 116 122 133 134
66 82 99 103 123 139
17 68 85 92 113 139 143
17 23 27 34 37 41 69 82 103 137
1 5 36 38 99 105 143
12 13 42 54 57 59 71 87 91 110 123
3 54 76 77 81 116 130 136
4 30 41 47 51 52 102 109 111 122
10 18 45 62 67 70 83 88 100 114 132 147
17 19 33 41 56 91 92 109 121 148
18 66 100 124 126 147
4 7 11 48 56 57 73 75 126 127 131 132 148
22 27 57 58 88 101
55 95 100 115 116 122 125
7 11 20 35 48 60 65 68 76 79 129 148
10 15 18 35 37 44 58 68
3 33 57 74 76 82 106 110 119 120 127
1 36 38 64 79 142 143 147
15 38 47 56 60 70 90 100 101 109 138 139 148
11 24 37 50 55 75 102 103 136 142
1 8 14 28 31 40 105 119 136
17 45 50 93 102 126 143
6 21 26 42 48 58 60 98 99 109 110 138
7 23 35 42 49 57 66 101 106 112 113 130
11 28 44 47 100 103 142
1 7 14 17 27 55 78 95 137
13 24 80 95 99 111 125
6 15 30 38 47 60 70 97 127 144
54 72 78 80 86 95 118 128 137
2 7 48 53 77 95 131 138
11 46 51 74 84 94 103 105 109 110 112
30 40 45 56 64 104 148 149
7 16 68 73 75 105 133
11 13 15 23 66 85 91 124
53 56 59 70 71 72 83 96 110 120 121 123 139
2 4 23 38 55 60 72 83 107 124 143
19 22 23 37 55 85 92 93 108 121 125 128
9 18 79 109 135 146
53 59 70 101 110 115 144 147
17 37 77 136 137 140
2 4 17 27 64 65 83 111 141
36 40 44 46 51 54 57 77 89 128 135 140 149
14 21 34 78 91 95 126
16 18 39 48 73 80 81 93 120 147
4 5 21 28 100 133
18 20 23 42 47 61 63 85 88 93 140
1 54 58 62 72 74 105
62 71 110 122 137 143 147
29 30 61 65 68 79 101 106 120 124 141 145
59 61 84 86 108 112 119 127 143
0 30 39 59 76 96 101 108 120 126 137 144 149
14 55 58 59 70 82 106 117 120 136 139 145 149
16 19 25 26 35 47 60 63 87 104 120
7 23 52 55 61 79 81 107 110 112 132 142 148
5 6 59 76 99 100 102 106 119 123 145
40 41 49 63 65 81 100 106 118 135 144
15 17 21 54 55 64 68 71 81 101 128 149
3 14 17 25 35 47 66 69 90 95 105 116 120
38 72 94 108 127 130 132
54 55 67 69 76 79 86 90 94 135 144
7 15 19 45 53 94 140
15 16 20 32 53 55 56 109 117 138
19 44 71 93 95 107 122 126 135
16 17 50 51 73 76 78 84 99 128
5 20 39 42 47 61 107 136
40 55 64 75 97 102 125
15 17 51 59 62 86 105 137 139 145
8 14 28 29 30 32 49 72 76 80 88 99
8 44 61 75 94 147
12 20 26 41 49 51 82 86 89 107 116 131 142
0 46 57 101 102 118 140 141
25 78 87 99 106 146
0 9 23 24 29 32 51 53 61 63 100 121 147
2 28 31 32 37 59 78 88 91 143
4 7 13 19 78 108 127 129 143
30 39 50 83 105 114 138
2 8 21 32 38 80 85 99 104 106 120 130 138
27 38 46 93 106 130 136
13 25 38 56 58 68 78 83 85 86 121 128
13 26 70 75 79 102 104 147
1 19 34 46 71 100 128 147
0 18 33 35 37 40 45 89 123 130
0 3 5 23 31 39 49 69 111 129
19 20 21 26 27 56 60 91 103 105 123
0 2 39 50 63 64 81 85 109 111 126
1 12 18 48 61 67 87 93 94 107 119
1 50 53 105 110 115 116 125 132 142
21 27 37 52 72 83 86 121 124 126 135 145
10 18 27 41 52 77 80 87 97 104 112 117 148
1 5 14 22 44 99 116 125 126 128
6 23 29 30 49 69 96 97 105 129 145
8 13 14 17 32 35 46 48 50 55 109 141
22 26 33 41 65 81 82 94 95 100 102 132 143
12 24 68 75 139 145
22 34 74 75 87 141
2 86 91 115 121 122 126
6 11 16 27 29 37 99 126
2 44 48 59 75 78 92 112 116 128 145 149
0 1 17 19 29 36 45 69 77 89 97 104 123
7 40 54 75 104 124 142
10 20 31 48 58 65 67 74 106 122
24 53 62 75 78 86 107 112 137
8 30 37 38 39 82 104 115 127 134 148
36 54 67 68 71 83 86 87 93 114 115 142
19 39 45 50 80 82 97 106 108 109 115
9 12 25 42 56 70 82 95 98 101 102 120 123
56 61 67 71 78 134 147 149
25 27 29 75 88 96 108
23 60 67 88 103 139
1 20 32 38 42 51 75 93 100 108 114 136 143
3 8 21 35 81 83 89 90 102 114 116 134 144
13 32 42 52 59 64 105
0 2 7 18 51 52 62 67 92 95 121 133 136
49 52 59 63 122 143
2 14 20 21 56 58 100 142
13 50 84 94 101 102 132 135
15 28 32 40 41 62 63 110 113 117
7 39 41 65 119 137 141
31 38 58 77 100 111 130
7 25 51 77 105 114 144
41 75 78 83 120 125 131 145
19 48 90 100 113 114 133 149
26 37 49 67 88 89 106 130 136 148 149
22 49 52 53 54 56 61 73 87 120 132 136 143
7 11 19 51 78 80 103 104 109 111 129
18 25 28 34 42 50 66 82 99 113
13 53 55 81 96 105 114 120 136
4 8 20 51 74 78 86 97 116
2 20 24 53 57 67 70 83 87 110 125 143
32 34 40 50 53 59 68 141
8 53 57 74 75 124
8 39 96 109 125 136 142 144 146
0 1 3 26 48 76 77 91 96 104 131 132
20 28 85 114 115 125 129
3 35 60 69 70 73 79 81 120 132 136 141 148
2 9 15 38 51 63 64 99 104 126 128
9 10 19 59 79 96 104 127 128 137 148
33 65 84 85 93 107 149
10 52 73 88 92 95 114 122 138 139
0 17 64 67 86 96 110 112 128 140
13 24 31 32 46 52 94 99 118 131
25 48 49 57 99 102 113 116 135 137 148
24 31 32 33 73 78 90 105 118 131
14 27 53 64 103 119 126 136 140
1 21 22 54 60 81 105 106 109 118 145
33 63 86 104 105 110 123 134 135 140 143
4 10 11 59 83 90 149
2 17 24 25 77 124
1 20 33 34 55 68 83 85 102 119 121 144
8 38 56 59 63 134 135 140
15 25 32 57 89 111 119 126 130 136
9 20 77 83 85 89 109 119
51 61 113 117 137 146
37 40 58 64 77 86 88 123 130 133
0 21 26 77 96 100 117 133
2 20 23 42 72 82 110
20 42 53 72 109 123
3 12 23 25 28 30 46 50 56 66 74 102 108
24 34 45 58 72 106 110 117 132 139
23 28 33 45 49 74 91 125 139 140
4 52 53 70 84 100 111 115 117
8 22 49 62 65 67 87 95 101 133 141
11 39 41 54 86 93 95 100 105 127 139 140 145
16 60 65 68 69 72 86 105 109 120 125 130 137
24 29 33 48 49 81 90 114 119 132 138 140 149
3 23 46 47 62 130 131 138 142 144
41 107 122 139 146 147
1 51 53 102 105 109 115 117 129 138
4 17 21 31 65 68 87 101 113 123 135 137 138
