22 30 39 46 60 64 67 68 100 122
11 47 48 54 77 87 92 120 146
5 6 29 36 84 128
28 51 90 93 119 145
3 14 28 35 39 59 64 72 80 122 133
11 19 32 60 67 87 135
16 20 49 58 76 80 110 117 131 139
6 20 42 52 57 58 82 121 146 148
3 18 75 93 98 102 104 120
6 18 27 79 90 112 122 135 138
0 8 9 58 123 132
30 48 72 85 103 118 131
13 15 39 54 57 77 96 97 102 115 128 139 141
73 76 87 91 100 137 147 148 149
8 17 25 28 29 34 51 61 77 91 118 146
5 12 37 70 112 141
12 17 34 42 61 68 89 96 105 118 131
37 50 71 78 84 89 102 112 116 138 143 144
1 27 30 33 35 57 86 94 105 111 129
3 5 9 31 67 71 80 85 86 94 137 143
7 13 19 34 40 54 65 74 97 102 114
19 33 43 47 63 68 89 113 122 137
17 25 49 53 56 73 74 104 113 117 130
5 7 47 69 71 76 104 111 138
50 52 63 121 123 132
41 43 52 66 86 96 99 100 128 134 143
0 31 44 65 103 110 112 123 133 146 149
37 38 44 57 93 97
11 17 25 26 39 56 61 97 104 113 139 140
1 5 27 29 40 63 104 133 136 138
0 6 24 32 42 43 59 75 82 91 102 129 133
1 17 33 59 97 113 115 125
14 17 29 60 63 64 108 111 120 121 122 147 148
24 45 46 66 82 91 106 120 129 142 145
16 66 79 90 94 109 136 141
4 8 50 101 112 120
12 21 24 25 31 41 50 92 99 129 136 139 141
0 17 50 95 131 140
33 44 45 48 50 77 122 140
13 20 24 26 31 56 67 69 71 94
4 43 56 69 76 130
1 13 17 57 63 99 101 146
20 35 36 50 56 64 70 78 93 98 127 136
4 27 28 29 35 64 87 88 100 102 126 138
30 61 75 90 96 104 106 113
4 25 54 61 71 89 95 98 99 107 117 128
12 13 25 52 66 71 101 108 121 122 131
31 38 40 44 45 52 73 92 102 128 136
23 32 41 62 64 74 75 81 99 102 111 127
3 70 71 76 77 135 138
16 35 42 73 111 138 144
3 30 31 68 88 112 120
3 11 14 25 31 38 96 109 120
47 60 91 110 116 120 129
26 48 55 66 118 121
17 19 33 75 88 118 124 130
11 38 39 40 48 75 96 97 113
6 29 47 53 65 109
0 20 29 51 75 86 94 99 106 121 130 133
10 11 13 43 56 76 86 90 91 92 102 116 121
29 38 47 53 60 116 127 139 145
25 36 42 43 49 55 88 127 131
27 29 39 55 56 77 88 117 124 142
17 19 30 31 82 85 87 106 115
1 3 39 51 102 118 119 124 125 130 133 135 149
7 30 52 75 90 98 120
4 8 29 49 50 78 117 120 131 149
3 13 16 25 31 40 46 54 88 92 101 104 126
4 8 16 45 49 61 104 105 126 139
35 54 77 91 92 131
1 13 36 37 61 63 77 85 97 130 141
3 29 31 74 111 123 134
3 8 45 70 83 128
7 25 48 54 78 79 93 106 118 132 135 137
3 24 27 52 72 80 88 91 94 110 117 129 144
34 58 92 103 113 135 136 146 149
17 60 91 97 107 110 113 117 118 130 139 142 143
23 34 47 51 60 96 103
6 19 53 92 94 111
6 17 25 29 31 49 85 90 91 95 127
7 22 48 78 87 94 102 113 115 120
3 16 28 42 82 85 123 130 139
31 38 55 66 77 88 111 148
0 39 47 50 60 70 85 98 100 116 135 146 147
14 40 44 45 65 99 109 113 116 128 137 143
2 32 42 47 72 101 118 124 134
8 12 64 79 84 130 149
5 12 41 57 69 78 98 101 113
0 11 14 24 26 28 41 50 85 92 107 136 149
30 33 49 69 72 98 120 123 126 143
46 54 73 80 81 101 108 139
4 44 70 104 122 125 127
17 18 34 50 51 59 72 84 100 102
6 13 23 24 36 59 83 91 100 118 126 146
2 35 41 42 46 49 64 120 149
3 16 39 47 78 84
33 43 48 50 52 59 66 76 96 105 126 134 147
4 11 18 20 21 58 67 96 103 128 149
6 18 20 29 32 34 49 98 101 102 116 122
6 19 34 56 58 59 147 149
14 17 24 30 44 51 74 77 83 90 93 147
12 45 46 57 61 69 74 83
1 4 25 44 49 58 75 80 90 138 148
22 48 90 92 95 107 117 124 127
10 16 24 63 80 85 106 109 131 134 136
3 22 41 51 61 65 78 79 115 130
4 63 68 73 76 97 128
0 3 20 32 43 62 95 125 138
5 21 24 69 76 77 81 92 117 124 138 149
13 21 22 55 61 88 100 102 117
37 46 61 101 106 130
2 4 5 54 78 88 91 117 149
14 40 54 59 74 89 91 112 118 124 141 144 149
1 6 34 57 59 66 67 84 93 103
1 15 19 24 36 37 81 131
8 17 21 52 60 64 71 91 94 95
25 33 66 70 84 98 107 148 149
21 45 57 66 73 92 100 104 109 127 134
5 6 15 48 50 74 94 99 100 127 131 141 146
20 22 25 34 43 56 57 70 75 78 82 91 101
24 29 44 53 69 71 74 92 108 126 133 140
13 63 81 83 84 86 90 107 108 109 116 149
4 5 16 28 41 47 81 93 122 140
27 29 35 42 44 50 59 89 93 111
8 15 27 44 49 51 107 127 132 136
12 32 33 41 84 132 137 138 139
13 20 40 55 75 99 121 137
2 8 28 48 65 98 99
18 43 45 60 78 85 129 134
50 64 77 83 118 121 138
11 12 16 18 45 47 50 51 65 72 103 139 142
34 35 57 70 98 112
51 52 56 61 91 94 116 119 121 128 136 147
3 15 20 33 34 51 63 72 74 85 126 129 133
0 5 15 20 27 34 83 97 100 117 133 136 137
45 75 80 88 104 107 111 117 120 142
18 36 48 84 89 112 116
7 36 38 62 72 117 146
12 17 43 47 115 131 137 147 148
13 30 55 75 81 95 96 127 132 149
5 11 25 55 57 65
9 13 14 54 77 119 121
8 21 26 37 47 72 75 87 89 103 144
18 34 43 53 70 73 76 89 113 133 145
48 63 64 78 80 84 96 105 112 118 122 136
40 41 43 56 66 69 77 86 91 109 117 142 144
13 26 58 67 72 86 92 96 121 127 136 144
3 10 16 30 46 95 102 120
19 38 52 58 80 85 94 116 128 146
12 35 63 66 76 85 87 93 133 135 148
18 55 77 81 133 148
8 37 53 68 93 107 127 130 135 142 145
12 22 53 61 64 80 114 121 132 149
0 5 34 38 58 61 86 93 99 124
2 9 13 14 43 47 79 112 121
49 110 117 130 131 140
14 24 29 56 65 119 125 147
12 24 32 34 71 84 92 105 129 143
6 8 25 26 87 99 118
37 46 70 82 86 102 107
28 50 54 55 72 80 89 92 101 115 119
9 56 86 90 121 129 131
8 9 26 45 96 110 114 117 124 129 143 146
19 31 72 80 84 92 94 98 104 134 146
28 113 114 132 133 140
20 28 63 64 82 114 142
39 41 55 80 81 95 102 107 116
3 11 20 21 35 43 50 63 85 91 104
8 10 21 26 35 58 63 129 133 143
22 40 46 48 68 114
3 38 51 62 70 101 121 123 142
4 44 45 53 56 60 75 90 126 127 143 146
26 55 80 85 96 110 118 122 144
3 11 34 44 47 58 68 81 138
20 22 23 24 33 57 65 89 102 107 134 146
23 57 90 99 114 121 135 139
3 15 40 46 54 56 58 59 65 68 125 149
38 67 69 76 82 97 99 112 122 124 126 129 148
8 15 28 29 30 59 65 81 109 118 120 133 144
40 86 97 101 109 116
3 28 85 97 118 125 128 132 145
10 34 39 47 51 59 84 85 91 106 123 133 142
7 56 60 104 124 148
1 4 5 33 43 44 59 76 78 91 97 127
9 34 46 58 71 88 94 106 115 127
30 47 73 81 91 95 100 116 133
8 15 27 29 37 70 84 86 103 129 132
0 3 14 21 33 39 52 97 113 139 145
15 23 24 61 69 95 115
0 4 19 49 70 81 97 98 140 145
5 8 31 50 57 63 68 95 124 136 138
17 26 30 93 96 98 105 138
15 26 34 46 68 119
5 12 55 77 94 135 136
11 14 20 21 27 30 32 47 52 87 97 115 122
23 60 96 116 125 131 141
90 114 125 130 138 140
0 42 68 86 92 122
20 27 30 34 56 69 81 115 122 144
5 26 33 35 42 81 107 115 117 125 128 133 148
29 37 43 60 61 68 76 83 102 118 141
22 46 60 71 104 135 140 142 146
10 24 49 55 88 108 124
18 24 42 57 76 86 101 111 136
11 40 53 76 91 95 116 131 132
3 17 30 44 54 127 140
4 8 25 69 96 112 113 117 130
18 43 60 77 125 147
5 12 33 64 75 78 88 112 127 131
41 46 50 58 76 90 110 119 137 140 143
9 26 71 73 74 87 98 109 110 111 122 147 149
0 13 22 42 47 53 72 88 124 126 145
4 6 20 22 35 45 60 81 87 89 104 136 145
12 17 30 37 38 65 78 112 118 130
0 2 4 5 9 59 68 77 125
15 19 33 35 42 49 75 85 106 118 141 147 148
3 19 20 73 125 128 129 134 136 137 139 146 149
5 9 34 56 57 59 85 91 119 121 145
2 14 29 31 103 112 126
17 20 58 63 102 115
37 42 57 58 73 83 90 98 122 125 141
26 32 46 49 69 73 78 79 82 83 99 105 121
19 40 63 67 96 128 147
23 53 58 74 85 98 133
18 41 56 67 73 108 116 120 137
15 16 17 25 26 58 67 100 107 115 120 133
18 49 79 80 99 133
8 15 23 74 82 110 131
11 33 64 67 74 88 90 92 96 98 115
1 3 24 42 50 83 108 123 139 141
11 17 30 60 85 93 111 119 134
46 74 85 94 97 104
30 40 59 61 71 77 94 99 116
7 34 42 73 80 82 88 102
1 49 57 63 65 108 111 115 138
11 14 29 42 43 48 56 71 74 127 140
3 5 9 15 21 62 73 83 92 109 111 146
3 5 7 53 76 94 97 104 121 130 131 147
0 32 40 45 69 81 96 117 127 133
0 10 16 23 34 54 68 89 120 140 142 147
11 32 109 110 113 131 145
12 23 25 75 95 118 128
22 35 37 53 54 99 103 119
10 13 19 67 73 89 98 101 112 117 121 126 139
28 43 51 54 71 86 90 94 113 139 140 143 146
14 37 41 54 88 104 105 109 111 113 124 144 146
5 10 15 22 84 121 131 138 149
0 3 35 36 45 60 81 100 101 146
7 43 56 63 64 87 114
0 12 33 58 79 137 145
0 5 44 45 64 70 79 89 104 109 115 139
36 49 79 86 92 103 105 128 147
8 25 33 48 68 74 81 91 101 120 140 144
18 39 41 44 54 63 76 98 112 135 145 146
7 62 63 67 70 86 90 108 127
32 33 43 58 68 71 88 99 123 137 144
3 8 22 44 60 65 69 74 83 86 95 145
18 22 45 54 57 58 70 76 99 127 132
8 28 29 33 63 77 116 130 137 139 140 149
12 14 22 25 34 45 47 55 68 81 97
2 4 19 28 37 53 77 92 94 133 134 136 148
2 17 19 31 33 71 116
20 21 29 34 78 86 120 149
13 16 17 110 115 118 123 148
6 24 58 86 106 140
15 27 98 105 123 128
0 3 13 32 36 57 67 72 79 112 118 119 128
5 13 20 25 31 43 51 79 83 118 145 148
38 51 53 57 119 133 144
27 29 50 54 62 70 105
30 44 70 76 89 112
21 28 47 49 81 83 90 96 105
18 51 52 68 85 129 131 136 138 139 143
16 38 42 44 50 103 112 120 124
4 6 14 17 38 77 115 129 131 142
2 16 72 88 115 119
19 36 83 86 88 94 115 126 129 131 132 141 145
3 15 24 25 59 87 106 128 129 139 149
9 31 39 69 73 85 89 101 133 138 142 147 148
24 49 63 69 73 91 114
1 2 14 34 56 76 87 112 114 126
7 19 26 61 89 135 143
6 64 67 71 77 98 100 126 141
22 25 66 70 94 98 99 141 142 147
4 39 86 96 97 105 116 119 120 126 141
2 3 4 15 34 118 122 149
11 22 34 39 51 62 88 106 110 126 131
4 20 38 40 59 78 102 138 146
13 14 21 24 35 41 43 52 70 85 91 105
8 9 39 44 63 91 141
12 41 43 54 72 90 97 109 128 133 142 144
0 19 20 25 46 50 73 75 114 135 141 146
9 15 55 70 94 102 114 125 148
9 10 20 32 59 70 97 99 103 112 123 124 133
4 7 9 17 55 66 124 133 138 145 148
5 20 37 45 113 117 122 128 134
2 20 32 88 90 104 105 146
40 81 82 98 117 149
23 49 63 66 91 100 119 130 147
0 25 32 61 87 95 98 109 111
3 10 33 52 64 77 90 109 124 131
14 15 23 62 95 104 120 128 130
0 22 26 36 37 76 96 101 114 120 131
2 3 5 13 20 37 41 44 48 59 71 100 116
6 28 41 73 80 104 126 136
3 18 27 43 54 57 85 122 127 139
5 31 54 65 112 134 140 144
19 33 34 37 41 69 77 96 112 132 136 146
10 53 54 60 65 96 103 133 141 143 146
1 33 62 83 86 100 111 122 123 134 148
4 30 81 86 87 130 133 135 148
3 49 66 87 118 125
22 25 57 85 87 113 116 117 135
16 41 49 78 97 103 113 114 119
2 19 96 97 107 119
7 9 59 77 108 127 142
7 11 15 28 40 44 75 81 82 114 116 133 135
8 17 20 37 49 64 127 134
1 6 16 17 64 69 94 103 109 130 143
16 56 77 117 123 145
18 34 52 66 80 102 115
6 22 29 30 79 89 112 127
9 20 25 33 35 43 69 87 118 119 148
10 18 51 82 106 142
0 48 56 60 64 96
8 14 28 37 40 52 62 81 84 102 105 136
1 8 9 66 72 73 78 95 109 137
3 17 40 71 99 143 145
13 17 18 48 62 65 109 113 119
10 16 23 24 27 30 58 68 79 86 110 124 128
2 33 42 52 80 92 101 120 136 140
11 16 35 49 56 64 66 86 137 141
2 44 68 79 89 107 136
3 4 6 7 91 106 122 123
18 30 39 40 69 80 108 117
24 29 30 103 136 147
0 35 59 60 68 74 77 78 87 98 100 116 139
17 19 28 34 67 99 105 118 131 136
5 14 26 37 40 42 43 59 74 87 108 118 125
10 38 50 63 88 100 105 132 133 148
10 15 24 36 58 62 71 105 112 117 118 138 145
11 36 61 77 91 96 104 113 138 146
26 36 70 73 98 113 129 149
10 17 18 34 53 71 100 103 107 109 131 140
40 47 48 52 55 57 70 113 125 127 143
8 10 50 91 109 123 147
28 40 43 49 54 64 76 95 103 118 140
1 9 12 35 45 54 72 87 102 113 137
0 23 49 80 87 111 112 138 146
25 45 51 53 94 119 131 132
20 44 55 67 110 112 123 124 131 139 142
19 34 59 74 76 115 124 126 147 149
17 20 49 56 83 138 147 148
4 14 15 26 31 49 62 64 70 75 146
12 17 27 29 64 81 97 98 104 114 123 135 146
2 36 42 57 73 112 120 140
2 16 24 25 32 33 39 43 93 112
10 19 42 58 120 134
11 31 36 41 44 68 90 92 138
2 21 34 43 67 71 98 112 120
28 41 51 57 66 73 75 87 92 117 121 128 135
33 38 46 55 65 71 76 101 110
6 23 26 90 94 98 110 115 117
5 18 20 27 42 60 67 86 103 117 120 132 134
23 31 46 58 73 102
33 48 60 75 97 109 110 114 122 124
5 13 23 56 70 108
17 91 102 112 120 133 141
2 22 33 47 49 86 102 114 117 122 129 135 145
11 48 70 80 95 103 108 128 146
28 32 33 48 61 74 79 95 121 126 133 137 143
19 22 24 44 46 123
16 69 72 76 108 144
38 65 70 112 121 148
1 22 29 32 37 47 81 119 126 129 142 145
6 22 47 54 73 94
18 46 58 102 124 132 136 142
7 15 35 45 72 84 91 96 98 109 127 131
2 10 17 19 26 49 52 68 81 96 128 134 143
8 19 20 23 37 41 45 63 76 83 95 111 143
10 15 30 47 73 91 113 118 142
19 23 27 37 46 52 57 69 103 120 141
46 58 94 110 123 144
14 15 28 29 39 69 81 92 105 116 136 148
10 63 76 79 87 91 103 105 108 122 125 139
3 4 6 13 41 48 61 83 87 89 94 129 148
10 23 48 49 69 93 97 116 118 136 144 147
52 66 73 80 95 106 113 120 134 147
11 71 85 96 117 145
24 71 75 80 81 85 102 118 131 136 143 147
3 12 14 24 45 49 78 90 128 132 149
0 25 31 53 77 91 99 102 105 116 149
42 51 57 60 75 76 77 85 90 94 98 101 137
23 31 83 86 101 115 142
3 22 38 57 63 76 80 83 103 114 129 131 141
13 14 36 82 85 87 91 118 120 131 147
13 34 57 63 64 73 75 81 105 109 125 136 149
20 46 57 68 76 88 120
3 10 25 32 36 58 59 69 79 131
1 42 47 63 70 76 83 89 95 109 131
21 44 64 71 72 102 118 126
20 57 61 63 66 80 98 109 128 141 146 148
16 25 42 82 96 121 126
14 76 90 110 113 123 126
30 44 53 62 70 138 145
16 31 36 50 88 93 101 104 114 139
19 26 27 51 55 59 73 81 85 148
27 35 36 40 53 62 77 134 139 148
10 11 27 43 82 85 89 90 101 118 136 144 149
19 22 30 43 66 93 110 119 149
3 12 25 30 80 88 95 96 97 112 121 149
5 39 61 71 85 109 141 144
3 11 19 42 49 50 69 75 115 126
10 45 56 58 70 72 91 103 134 138 139
2 5 11 40 56 60 69 74 127 128 149
3 26 32 130 131 138
1 2 8 37 49 148
19 42 82 107 116 117
28 29 65 77 117 121 123 125
1 4 60 70 82 122 141
17 39 57 59 71 84 85 96 115 119 133
8 50 89 116 118 122 124 125 135 137 139 148
16 19 31 100 137 142
10 18 20 47 69 78 124 143
3 66 78 95 100 109 139
4 34 46 52 53 54 58 59 68 91 114 116 148
4 7 28 41 74 80 115 138
6 11 13 17 41 99 105 108 127 129 149
1 22 39 43 51 86 114 115 117 121 130 133
36 38 45 50 58 66 73 75 78 92 125 136
31 49 72 102 130 131 135 145 146
28 30 72 79 95 111 112 120
17 19 33 49 71 83 122 123 130 136
1 18 35 36 55 71 84 95 121 122
61 63 70 106 121 133
42 48 50 53 64 79 82 90 106 109 119 135 144
28 29 39 53 64 116 118
12 36 50 61 76 88 89 108 116 123 148
11 53 55 71 77 82 87 88 95 116 130
1 8 36 45 68 83 90 116 127 132 148
30 46 58 73 80 90 107 136 149
3 4 10 34 62 78 122 135
8 10 55 61 95 103 108
13 14 25 40 44 66 74 78 84 93 111 118 119
38 42 47 70 73 94 98 113 137
1 25 29 53 55 58 68 78 123 142 145 147 148
1 7 9 23 24 33 41 46 67 73 132 145
1 14 42 59 69 129
10 11 28 30 35 47 114
19 35 37 44 60 76 94 108 109 121 138 140
20 35 37 45 47 94 101 109 146
26 61 78 79 91 97 104 120
4 9 10 22 25 60 72 126 140
17 58 70 83 86 99 118 137 144
8 19 25 41 53 58 75 98 125 144
12 16 26 34 47 66 75 81 111 112 121 129
19 24 47 52 60 67 69 85 86 103 105 120 123
33 55 61 67 71 80 82 83 112 139 149
3 29 33 78 87 99 109 112 144 149
56 79 87 91 104 123 132 145
8 21 26 34 37 41 55 88 100
40 45 47 50 68 88 89 107 141 143
50 58 95 115 117 127 133 140 147 148
15 17 39 65 71 77 87 89 114 118
27 29 38 52 53 67 104 105 112
29 31 33 43 53 80 83 91 104 108 119 139
3 32 40 58 76 124
8 17 45 48 54 104
19 25 35 48 64 73 88 109
2 4 9 14 21 25 39 69 100 106 113
26 39 55 103 115 121 132
11 29 45 51 62 101 126 148
16 25 28 41 79 92 97 100 124 128 143 146
4 8 14 32 63 105 108 123
12 28 31 48 62 66 75 80 95 104 117 125 148
5 14 55 95 103 106 117 131 132 138 145
2 20 26 39 54 101 107 111 123 131 132 140
9 30 45 72 109 139
3 72 77 112 123 128
11 47 57 59 73 90 93 135 148
19 26 46 54 65 67 73 76 84 91 115
26 27 30 51 65 72 75 88 112 122 146
36 55 65 72 76 99 103
9 11 18 25 27 96 111 115 124 135 138
11 17 18 24 46 99 105 113 119 121 129 149
12 19 32 37 44 60 72 96 106 111 123
9 13 38 61 69 76 99 107 109
34 56 70 77 90 105 112 116 127 131 133
1 43 54 88 93 134
20 34 55 72 100 113 117
10 11 13 46 67 71 76 81 88 109 124
2 6 26 29 34 43 51 56 64 93 106 116 139
21 22 24 36 42 47 48 56 72 96 116 135 136
4 88 94 95 134 144
23 32 35 83 88 142
1 21 25 35 44 48 58 82 124
13 17 33 34 42 50 72 83 131 148
5 6 22 38 42 80 103 142
4 5 27 39 43 64 68 91 97 125 148
15 17 21 39 40 44 52 55 72 82 86 111 114
2 18 20 32 38 52 61 71 83 94
10 11 13 19 43 48 88 146
20 21 32 107 132 144
32 61 74 87 104 109 114 118 131 148
31 42 44 55 76 116 126
30 47 54 86 97 138 142
10 26 31 38 50 68 73 101 113 115 135 144 147
5 31 38 49 83 99 116
10 14 30 54 79 81 92 119 124 142
30 32 46 55 75 82 86 97 110 144
0 12 19 26 36 40 43 60 66 95 122 129
17 49 63 71 103 106 132 137
34 36 57 62 70 85 114 124 132
4 8 25 65 67 98 113 138 147
34 41 49 57 67 77 122 138 142
62 68 87 98 126 147
18 20 78 83 85 89 108 122 126 132 145
21 34 52 63 74 75 103 119 125 134 141
25 26 33 53 57 62 70 75 84 112 123
7 16 92 98 107 134
5 11 19 32 44 58 59 89 90 97 116 118 126
17 41 56 67 79 91 103 114 119 121 125 144
18 20 43 70 71 80 121 131
23 35 46 51 56 93 103 113 133 140
8 30 52 57 65 73 78 108 132 135
12 28 36 55 57 70 79 81 84 106 118 120 134
9 21 27 30 33 35 36 88 112 149
5 18 20 48 77 84 85 86 95 101 105 117 142
20 25 26 43 71 86 92 132
5 70 72 86 95 127 132
14 25 31 69 82 93 131
17 71 75 77 86 104 120
4 45 63 106 110 111 140 146 149
21 53 75 79 89 92 100 110 111 113 116
18 30 33 58 72 79 86 96 131
28 43 78 93 94 116 121
55 59 70 93 97 138
27 35 55 89 102 115 142 147
13 30 52 66 69 87 100 102 109 143
3 4 32 42 74 79 87 92 120 140 144
22 56 59 113 138 139 147
22 29 33 36 39 49 74 77 124 147
24 54 69 72 89 93 98 125 138
0 22 41 65 72 94 95 125 131 139
19 36 54 112 123 128
4 19 26 56 74 97 101 112 114 124 148 149
19 25 26 55 79 124 133
1 13 15 21 36 45 52 54 86 110 117 122 133
9 41 47 56 83 98 107
0 15 38 59 65 70 79 104 128 133
2 44 46 59 66 74 141
18 21 41 72 87 91 100 113
7 20 24 33 42 46 74 78 93 125 133 144
20 37 69 81 96 115 138
10 19 29 40 44 59 62 69 78 89 129
19 26 47 60 64 118 130
3 12 14 74 79 85 86 141
14 18 32 65 79 108 115 122 147
13 15 23 27 40 49 88 130 149
34 41 48 76 118 133
26 27 40 42 65 78 81 95 117 133 136 147
19 30 34 66 76 79 88 95 136
6 39 41 53 56 59 94 104 107 128 133
21 32 43 52 54 68 111 131 147
9 12 25 43 58 87 108 143 146
21 61 66 79 95 105 114 118 129 143 144
0 16 32 35 67 71 123
36 45 55 60 63 77 78 80 82 86 89 138 139
12 34 43 56 117 136 138
54 56 84 107 119 126 132 136 142
15 43 70 71 79 99 101 109 114 135
10 38 64 77 103 110 129 130
12 13 64 65 71 74 78 106 118 130 137 145
36 42 51 74 114 116
5 22 25 39 55 58 71 77 88 113 127 132 135
4 66 78 89 135 138 147
7 35 59 100 102 122
12 28 33 52 55 77 93 109 113 128 136 140
18 26 45 50 104 115 118
13 38 43 69 71 73 100 103 126
9 64 76 112 126 136 143
31 88 111 131 137 140
28 45 66 78 101 110 120 124 142
0 16 22 33 54 59 78 113 115 135 139 147
44 47 60 65 68 69 113
3 4 51 109 110 137
4 26 39 58 59 104
2 15 20 22 51 87 96 104 105
20 39 69 122 132 133 134 135
14 44 49 59 72 105 127 130 148
3 21 33 51 57 74 145 147
7 46 72 75 78 93 98 105 107 112 131 142 144
0 6 13 18 24 28 31 36 56 80 109 141 142
13 35 48 52 70 125 132
10 14 67 69 92 93 103 106 111 123 147
10 41 46 77 87 97 101 113 115 119 120 121 143
30 35 41 45 50 73 100 101 132 137 146
0 5 11 26 27 83 84 87 118 131 138 139
6 28 51 56 62 63 69 79 94 103 131 135 147
52 80 81 82 90 102
2 16 54 96 100 111 123 124
1 2 9 29 34 51 75 104 115 119 140 149
5 29 34 52 66 81 140 144
16 22 28 29 33 56 68 72 96 110 116 132 133
48 73 79 100 106 107 125
20 53 54 59 67 72 73 79 124 127 146
6 7 8 25 38 47 74 114 119 123 132 140
20 47 51 86 88 120 121
14 15 37 80 87 96 99 102 110 143
13 23 30 54 77 79 110 111
3 37 111 117 123 124 148
47 66 77 90 92 95 97 104 105 117 123
20 29 51 70 78 88 92 137
1 30 59 100 103 115 116 137 144
26 30 46 81 84 88 103 105 106 113 115 145 147
6 27 38 58 59 77 92 120 121 124 128 129 135
15 22 28 35 53 60 75 79 87 89 90
16 21 51 64 68 96 128 140
6 9 45 60 85 86 89 93 96 120 123 139
21 22 55 57 73 105 107 108 123 133 145 146
0 2 3 16 18 50 52 59 72 77 87 98 128
13 20 23 24 48 87 95 99 101 103 121
37 38 46 59 69 93 97 111 118
6 7 12 27 49 58 74 78 106 116 144
1 15 30 31 57 61 77 94 119 128 146
0 16 23 38 60 67 89 132
6 13 56 72 73 76 80 95 130 131 139
17 64 74 87 115 129
21 78 95 97 98 99
5 8 15 20 60 69 81 132 146
23 25 45 98 124 126 130 132
0 8 10 64 72 95 134 138
51 76 82 93 110 118 133
15 35 85 90 97 121 124 130
24 55 58 64 66 91 96 113 127 135
8 9 19 20 49 81 94 124 131 138
10 52 56 79 114 121 124 138 139 141
12 17 27 60 80 115
3 7 26 81 85 103 120
4 44 49 74 118 137
1 8 14 58 63 76 83 87 121 123 148
9 26 51 54 86 127
5 49 76 80 82 106 114 117 131 134 136
10 32 38 49 83 97 112 131 134
13 21 40 51 72 73 76 99 139 144
41 47 68 110 124 127 129
17 75 84 92 104 125 133 143 148
10 19 64 74 86 91 93 124 130 135
0 24 34 73 89 140
12 33 59 71 96 105 114 118 121 125 126 127
10 14 18 41 43 73 84 94 118 140 141 147 149
2 8 20 23 24 35 40 42 46 80 96 119 138
2 8 38 48 55 86 113 124
7 12 15 49 52 58 93 112 129 145
20 27 38 42 88 90 101 107 112 142 148
0 11 15 22 24 34 50 54 58 76 118 138 141
10 16 22 32 90 126 147
6 25 65 89 100 120 137 140 141 144 147 149
21 23 66 69 70 78 85 126 137 148
15 29 72 77 102 121 132
8 12 24 27 49 62 131
3 7 39 46 48 69 91 114 127 138 143 144 147
2 5 10 12 31 39 50 103 121
13 20 26 37 69 78 110 133 139
8 38 46 53 60 68 69 93 105 129 141 142
21 38 54 82 133 137
22 32 41 44 63 70 99 105 127 132 134 149
0 4 17 26 53 62 64 93 119 123 136 146 149
0 3 8 22 37 43 69 136 138 139 144
3 7 20 37 45 105 132
47 51 58 59 68 79 92 94 144 148
12 17 20 26 55 58 77 78 80 95 107 116 120
9 24 32 48 63 71 81 112 120 125 137 149
39 54 82 94 128 146
2 9 21 38 79 89 101 116 122 124 135 146
11 13 23 39 62 76 93 119 127 146
6 8 11 15 35 69 93 135
3 25 51 74 116 136
5 12 23 29 33 59 63 100 104 125 143 148
0 24 26 44 52 53 54 61 119
10 39 62 88 111 131
31 43 58 63 96 99 108 119 121 147
0 33 62 78 79 98 101 115 122 139
0 3 12 35 53 54 61 77 78 98 114 120 147
5 30 37 67 80 90 101 103 117 133 146
14 18 50 61 66 85 88 105 108 117 121 147 148
1 37 46 54 56 81 90 94 99 119 126 131
50 69 76 82 85 88 91 103 136
14 51 54 68 81 98 113 121 142 144
1 26 39 60 71 94 101 116 121 131 146
21 33 58 75 109 112 139
3 15 17 36 56 92 96 107 132
12 15 37 40 48 62 108
28 33 36 49 64 67 70 78 92 100 108 149
4 9 10 39 107 127 129 135 143
0 14 41 55 64 104 106 108 137
16 17 28 48 49 51 66 69 71 119
4 9 24 29 51 103 134
10 23 41 72 84 102 114 115 125 143 145 149
4 22 32 74 77 78 88 99 105 110 120 139
6 42 45 48 49 61 79 86 90 117 132
5 7 24 62 89 118 121 139 147
37 58 71 74 114 139 144
18 31 48 54 62 78 106 111 116 125 138 143
43 44 66 80 130 138 141
27 50 75 80 87 97 140 149
15 29 40 83 93 109 127 140 143
2 4 8 30 33 76 90 123 127 137 147
6 17 67 84 105 124 131 140 148
14 18 20 44 46 60 68 76 125 130 138 145 148
4 19 81 95 103 106 145
58 90 91 102 112 115
2 22 47 99 101 108 131 132 148
0 14 55 63 94 99 129 136
17 37 40 56 69 91 98 139
1 16 65 94 98 127 141
33 35 46 47 54 87 97 117 130 131
5 8 21 49 61 63 65 85 103 105 126 128 139
7 17 26 53 59 75 79 85 88 109 119 124
10 38 62 80 83 97 104 107 121 123 130 135 146
4 7 8 63 70 135 141
2 14 16 17 18 22 26 85 117 121
6 17 39 41 56 78 88 90 108 132
13 21 56 80 82 85 103 119 121 132
2 7 8 11 23 32 36 51 87 94 124
9 34 40 51 78 132 134 140
2 7 40 56 84 103 120
15 21 34 39 43 78 79 82 104 108 122 130 133
18 66 75 79 82 120
51 58 66 87 101 103 119 124 129 140 146
1 6 14 18 20 40 92 106 109 112 141
1 14 21 29 117 124 125 128 143 148
14 39 41 67 126 144 149
3 56 62 69 129 138 148
13 16 42 44 50 64 71 74 119
20 50 83 89 109 115 124 140
13 36 39 41 69 79 85 86 94 130 144
19 56 90 91 108 128
2 5 7 8 10 16 73 104 120 133
7 9 16 27 45 75 86 88 117 125 131 146
0 26 29 41 46 49 56 79 82 121
4 29 30 38 51 78 85 103 111 141 143
11 24 69 94 100 116
36 54 57 63 98 121 132 135 136 142
17 29 34 47 56 81 82 97 120 127 128 136
3 33 34 38 45 59 76 80 97 99 124 125 146
13 33 43 46 64 93 109 111 121 131
6 8 11 39 54 56 87 103 104 106 130 133
11 25 29 40 122 131
2 17 25 35 45 46 75 83 110 124 129 130 131
4 26 59 64 82 86 87 111 112
23 26 32 50 66 98 102 105 109 110 111 118 134
0 4 17 90 93 109 122 129 143 144
63 93 95 97 105 106 118
2 28 31 45 54 56 75 84 120 124 145
4 13 22 57 67 79 82 85 93 108 141 142
0 26 52 66 91 105 112 127 128 147
5 8 20 21 66 73 82 88 105 110 123
7 42 63 91 105 114
0 6 18 34 49 66 80 86 87 102 109 113 137
16 32 44 54 105 123 128
13 31 33 41 57 79 94 106 112 118 120 122 142
1 58 59 75 94 99 121 134 145
78 103 113 115 131 142
0 14 21 22 24 54 78 86 109 134 143
9 18 19 27 46 48 53 84
11 23 42 46 50 60 73 92 107 112 128 134
2 6 35 39 41 55 60 77
12 32 33 34 35 41 51 56 66 75 84 116
24 27 52 56 88 108 131
5 21 27 38 111 117 120 145 146
3 68 72 93 99 124 126
28 32 68 80 97 126
10 15 18 27 39 46 100 107
7 29 34 40 82 88 103 117 129 146
5 68 91 107 110 114 141
12 24 28 42 49 59 62 71 93 99 108 110
23 25 43 46 60 83 87 106 114 124 130 140 146
9 30 40 47 48 65 96 121 123 124 141
48 66 77 79 93 128
0 4 5 33 62 67 73 116 121 136 142 147
25 33 45 53 54 66 122 139 140 141
3 46 48 51 54 61 71 125
12 24 48 61 68 86 116 141 142 143 146 148
10 26 49 70 91 102 115
0 29 72 80 95 105 111 121 137 138 139 142 148
10 45 69 78 81 105 120 122 131 135 146
45 71 72 78 82 97 105 112 121 124 142 143 145
5 15 39 46 54 55 81 82 115 117 121 146 148
1 27 29 82 96 117 135 136
23 32 34 51 119 140
41 68 78 116 134 146 149
9 37 50 67 85 95 98 111 132
37 47 52 82 84 91 109 120 125 137 143
6 38 61 72 82 87 89 91 117 130 137 138
2 6 36 49 66 99 139
20 23 37 41 49 75 95 111 123 127 144
6 9 18 28 42 89 113 120 122
0 6 7 13 25 50 72 76 83 92 115
9 32 37 65 86 98 148
9 34 73 92 103 106 107 113 131 139 147
12 20 22 27 36 42 58 66 67 77 83 103 140
12 24 34 53 80 81 126 140 142 147
17 21 31 32 47 48 51 75 128
2 13 44 45 49 57 74 83 94 106 107 124 130
23 55 60 71 87 91 95 130
9 44 53 55 56 75 77 79 86 92 122
9 12 47 72 81 95 124
46 66 70 79 89 110 112
8 23 32 44 59 76 132 145
6 11 51 62 65 68 71 100 107 112 123
24 43 60 76 111 114 119 123 137 141
73 86 89 95 123 133
12 26 47 57 58 59 85 93 114 116 142
3 4 10 29 39 53 56 63 66 78 110 118 122
40 41 55 57 63 67 109 120
2 8 46 56 57 74 99 101 117 124
8 12 19 36 67 83 106 125 135 139
19 21 23 24 26 37 57 90 106 107 130 144 145
3 17 27 40 55 57 79 98 101
6 37 78 127 136 137
20 64 71 113 130 140
0 15 42 56 82 85 112 113 115 119 139
4 9 28 31 83 136 141
23 31 41 103 116 121 149
19 20 73 84 93 103 146
14 18 22 32 62 63 78 81 116 129 142
5 18 31 48 67 90 130 131 143
24 37 38 49 71 72 73 80 112 133
1 8 9 37 55 67 79 101 112 130 149
0 8 25 26 34 35 37 41 45 76 96 136
7 26 33 48 68 95 104 107 110 135
21 30 49 52 89 101 118
5 8 45 47 56 67 74 82 115 119
18 33 46 59 67 74 88 108 122 141
14 16 21 27 82 90 94 99 106 124 131 149
11 29 30 36 45 51 59 114 131 132
38 71 76 113 131 145
20 32 50 63 67 68 76 93 98 122 131 132 149
18 32 39 60 67 69 79 95 108 127 149
25 27 45 48 50 65 84 124 127
0 13 15 57 71 93 97 122 139
17 33 49 74 77 126 134
33 39 41 64 74 106 127 134
10 28 40 51 65 66 106 131 139
32 39 42 58 62 71 98 117 129 142 145
15 30 32 38 42 57 65 70 121
2 3 36 76 82 108 120 130 139 145
43 72 93 109 112 120
2 10 23 48 59 66 67
7 33 47 59 67 70 110
16 35 53 74 123 140 143
8 21 24 39 59 74 84 91 115 121 132 137 149
32 36 39 56 78 97 98 109 111 121 122
27 44 69 96 110 143
12 18 28 30 32 67 74 90 97 130 143
1 3 13 63 71 84 105 108 118 127 128 137
23 24 29 44 51 72
17 30 67 86 91 99 114 115 124 134 147
2 21 57 58 74 129 147 148
14 15 34 38 40 44 60 61 76 82 123 135 138
11 40 61 68 75 78 88 104 124 130
21 56 64 78 97 107 129
0 13 23 46 63 88 94 116 134 135 144 145
1 2 37 46 114 118 136 138 141
13 24 26 67 77 81 89 98 105 116
14 23 26 37 38 67 69 71 96 98 145 148
43 79 88 102 105 135
22 82 98 121 123 131 141 148
41 43 58 68 119 120 131 135 136
5 11 15 31 33 57 79 101 126 144
13 16 34 65 78 88 119 122
2 25 27 29 69 117 126 131
1 2 4 32 34 38 74 100 113 124 132 139 144
19 23 29 38 47 90 96 103 121
1 7 30 56 78 81 123
2 14 21 46 57 58 59 99 108 136 139 149
7 8 27 28 71 72 88 121 128 145 149
16 23 37 42 49 98 99 105 106 109 112 135 145
5 11 30 54 58 60 68 72 77 90 92 123 127
13 15 16 26 54 55 74 83 94 95 111
5 14 71 72 82 89 112 147
17 40 55 79 83 103 120 132
10 17 35 52 63 65 114 117 135 138 147 148
26 66 75 76 132 137
2 5 9 27 31 95 101 121 148 149
1 27 28 33 44 49 67 71 80 108 115 130 143
1 8 19 24 36 80
0 44 51 92 114 133
49 52 76 93 103 126
9 41 80 87 111 114 135 142 147 149
12 60 92 93 128 149
15 29 35 38 67 83 103 104 105 114 121 142
4 35 44 86 91 119 121 138
2 19 56 58 60 97 115 120 131
35 38 41 61 74 125 128 140
1 9 42 44 67 83 85 124 137 145
8 13 23 70 71 87
19 28 38 40 63 79 122 126 147
22 31 38 40 45 51 77 111 119 124
3 24 34 44 62 102
20 21 26 85 102 122 133
7 18 89 117 120 127 134 147
11 29 38 58 64 75 85 86 99 109 138
52 58 94 99 102 118 119 139 147 149
3 10 12 15 17 54 61 73 81 90 116 121 132
11 43 50 69 90 92 100 114 120 143 148
3 22 43 58 68 73 75 80 146
7 19 38 47 49 68 69 98 101 121 125 138
4 5 26 58 62 98 109 125 126
1 3 20 51 86 93 132 133 143 144
14 24 42 46 59 84 100 124 137 139
19 45 52 97 116 121 149
6 8 23 58 69 108
48 55 83 104 120 148
57 61 74 102 126 137 144
14 27 36 56 84 87 123 130
38 61 81 90 97 102 107 108 113 116
33 34 57 78 88 140
21 30 34 79 90 91 98 149
8 15 21 68 69 70 71 105 120 121 123 134 147
23 31 35 58 68 77 97 105
8 10 27 28 52 58 63 68 85 102 110 111 113
46 70 83 107 130 135 139 147 149
34 51 64 70 76 80 115
10 12 22 34 38 48 50 57 82 101 109 111 120
7 22 39 51 63 72 92 115 126
4 35 48 59 71 96 101 112 122 138
18 20 24 26 54 70 77 79 94 96 131 132
5 38 40 60 65 103 104 124
2 36 38 42 54 56 70 84 114 116 133 144
30 46 73 74 100 101 108 111 136 142 143
13 18 23 28 29 56 77 104 110 112 113 134
25 39 43 61 63 64 98 146
3 25 48 54 72 76 107 142
3 14 50 69 81 85 91 115 116 122 135 143 145
6 73 81 91 105 124
5 12 36 85 93 141
36 39 47 51 69 72 73 92 106 113 120 132
25 31 32 104 105 113
24 58 66 77 97 148
17 20 33 35 65 86
30 31 74 82 86 102 110 115 130 133 143 149
7 8 65 74 80 86 92 93 110 134 148
2 4 29 33 42 44 90 95 139
5 13 23 37 42 51 72 100 113 117 122 142
1 24 25 59 67 84 91 104 107
8 31 43 45 79 80 116 118
4 9 14 38 63 112 117 120 121 129 137
10 22 30 53 87 123
7 23 50 59 61 91 120 121 123 125 127 148
17 39 46 49 70 75 82 88 105 121 128
7 23 62 68 70 75 79 92 106
2 46 79 88 109 120 128 145
0 13 28 30 53 62 84 91 95 96 132 135 140
17 38 44 61 62 107 112 115 119 122 127 135 146
16 17 25 50 53 69 75 103 109 120 144
10 72 106 116 130 148
10 89 99 103 104 119 122 141 149
7 18 30 75 104 134
7 14 23 41 56 60 77 82 89 101 130 134 147
40 43 51 87 96 103 114
4 43 89 96 127 136 140
5 49 79 83 96 109 133 139
10 28 33 45 69 128 147
44 45 57 79 129 142
0 9 20 23 26 36 57 67 97 141
1 6 12 30 38 39 67 78 82 87 109 133
1 8 20 23 53 58 77 97 120 133
17 18 63 76 109 120
5 22 58 65 82 95 109 129 135 140
12 71 74 75 86 108 114 115 123
4 15 51 71 85 124 134 139 144
5 20 65 97 109 132
13 17 20 39 46 72 108 118
6 11 29 31 52 71 73 121 136 142 146 148
2 6 21 40 43 55 58 82 84 117 135 141
4 8 11 66 67 128 146
5 21 30 44 75 112 130 131 138
11 12 16 43 47 52 60 73 77 99 119 123 130
3 7 32 42 50 109 115 117 135 145 147
20 31 79 113 115 143 148
3 13 56 62 71 82 86 104 122 143 144 147
13 30 37 40 48 66 118 119 132 144 145
15 32 40 89 106 110 134 146
32 36 64 71 72 82 95 96 116 124 131 143 146
9 13 67 68 83 95 106 115 122 123 124 142
15 46 57 66 74 91 98 114 115 142 148
3 11 44 50 51 65 79 108 114 133 134 139
18 48 50 94 97 117 119
15 35 47 48 53 60 65 83 97 125 131
1 18 19 56 79 86 88 94 95 97 118 128 146
8 24 36 48 110 114 130 141
18 24 44 57 69 113 121 131 134
1 3 23 50 57 74 129 130 134 136 145
1 2 20 35 38 39 58 81 82 141 143
31 40 43 49 63 81 88 97 98 121 135 136
26 47 75 120 125 141
16 21 66 130 144 147
2 20 29 43 45 52 56 61 72 79 86 87 119
