6 7 42 57 62 67 93 99
0 13 14 17 100 108 116 136 144
24 30 34 50 52 96 134
5 14 29 32 42 57 59 64 71 100 104 115 125
60 62 69 70 75 98 121 126 132 147 148
16 17 24 48 58 67 75 82 112 115 117
27 32 36 60 62 89 111
3 37 55 57 78 79 108 117 131 144
37 42 78 84 86 99 106 128
33 36 56 78 82 95 100 115 118
1 45 74 127 133 136
5 24 28 37 53 55 66 99
14 27 61 84 128 129
17 26 40 45 53 67 126 128 135 137
15 28 70 74 94 99 103 111 118 120 130 147
5 9 22 35 63 67 71 74 75 87 111 130 146
15 18 24 29 51 61 63 66 71 72 76 80 95
40 51 56 104 136 139 146
17 25 51 88 101 114 127
10 26 36 41 60 100 114 119 130 142
31 52 63 76 77 92 103 105 122
48 62 65 70 84 99 142
2 3 41 49 54 58 60 78 79 83 85 114 120
3 29 45 61 63 82 86 109 110
9 34 53 57 75 80 81 92 111 114 143
18 26 27 49 60 69 93 106 114 118 140
19 27 49 71 88 102 110 134 137 141
7 13 14 49 53 62 64 78 95 120 124 127
3 14 15 30 48 64 81 86 106 115 132 139
14 29 65 84 112 118 122 128 135 145
0 22 37 68 77 78 83 126
15 33 47 71 102 115 128
18 43 44 49 59 80 92 93
24 42 89 105 115 133 139 141
6 7 37 50 71 83 114
8 10 12 18 37 60 71 89 122 127
0 19 24 49 52 116 121
14 20 33 64 76 80 87 114 118 124
10 32 44 49 54 58 59 76
31 55 60 63 70 96 99 101 119 126
6 20 30 41 59 68 85 97 98 113 133 146 147
5 20 27 35 36 39 42 108 117 136
8 13 19 28 29 33 51 52 66 99 105 130
1 26 35 54 64 65 85 88 91 93 112 120 139
6 9 19 39 70 72 78 87 101 105 107 126 145
16 38 62 64 77 84 91 93 115
4 16 38 63 79 87 89 91 111 133
29 38 39 41 57 73 83 93 105 118 127 137
2 10 26 27 49 59 87 88 98 130
70 89 119 124 125 132
16 45 72 83 98 108 125 139
21 35 37 42 45 53 57 66 80 87 112 114 122
22 90 120 135 137 143
16 20 25 34 43 55 95 96 103 105 128 144
3 5 10 38 39 137
18 23 35 51 66 80 113 137
1 11 27 46 55 77 84 85 105 143 147
7 51 64 116 129 138 144 145
13 28 36 93 97 133
24 31 32 34 43 44 55 64 72 89 98 136 139
15 23 32 58 63 80 83 116 136 144 148
11 23 27 29 44 51 54 91 102 124 128 146
42 62 66 89 92 122
15 22 27 47 75 118 119 131
18 29 30 34 42 52 59 83 93 137 141
3 20 38 39 53 74 100 115 116
10 23 33 44 69 71 95 114 143 148 149
8 11 15 19 22 23 38 39 56 61
14 38 65 74 76 78 106 134
24 34 44 49 63 72 73 97 99 102 109 123
26 30 50 81 125 131
21 50 54 62 65 80 86 100 113 117 149
8 15 17 59 60 74 94 97 111 121 131 141
6 37 40 67 98 100 126 134 144 147
0 20 29 30 33 35 37 110 115
2 3 4 40 45 74 76 109 118 121 134
7 13 15 37 43 44 47 58 64 75 103 129
13 46 55 70 85 86 102 132 137 148 149
32 34 37 51 55 70 80 92 99 105 109 121
41 48 55 91 98 106 119
30 57 68 96 105 115 140
14 16 51 63 103 115 132 141
3 4 11 13 21 57 71 72 92 96 103 118 119
0 22 35 45 69 75 89 94 97 114 123 126 129
4 30 57 68 73 78 100 115 149
20 25 58 60 84 89 102 108 122 130 134
25 30 48 75 82 128
1 7 22 33 63 84 94
14 34 80 87 98 110 112 113 134 137 142
37 39 63 72 82 88
2 21 34 47 73 79 115
7 11 23 27 45 46 52 61 65 84 115
24 40 123 129 135 141
20 48 57 65 122 139 149
2 35 40 48 71 74 77 126 140
42 48 58 83 87 111 116
8 9 23 52 74 79 116 126 134 138 146
12 51 84 100 113 141
4 62 83 114 142 146 147
28 55 57 73 88 100 105 112 122
0 20 22 27 29 32 74 83 108 118 140
20 57 72 79 86 95 122 126 138
15 22 36 73 84 96 131 144 145
15 46 47 48 80 91 110 125 136 138 143 146 149
25 28 49 71 87 90 103
6 15 33 52 68 95 127 129 144
24 57 59 100 101 142
7 27 48 66 91 107
6 24 33 59 81 87 93 94 96 113 118 122 143
16 24 26 32 40 44 47 51 62 82 114 140
15 18 23 45 52 56 71 89 90 126 130 139
3 28 42 64 66 81 87 94 122 128 129 134
15 21 82 89 99 109 121 135 145 148
17 55 63 82 90 95 105 116 119 131
4 18 48 56 61 83 109 115 117 146
2 20 39 49 85 93 115 140 142 143 149
9 32 37 78 79 85 115
6 25 51 65 84 88 91 120 121 143 147
22 58 89 98 120 147
11 27 42 48 53 58 74 82 98 118 131 135
18 30 32 38 66 72 77 104 126 136 142 146
3 10 11 33 113 126 132 136 143
2 15 18 46 54 73 77 93 102 114 121 135 138
48 50 80 96 125 126 132 145
5 18 26 57 71 82 118 133
22 31 45 55 76 91 93 115 124 147
11 37 50 67 70 129 145
9 59 70 77 104 123 133 137 145
2 13 31 32 36 38 44 80 134 137 142
9 11 30 64 92 107 139 143
0 2 21 65 72 85 107 139
19 26 39 44 53 67 68 119 123 125
8 10 24 44 46 48 52 66 82 132 137 146
12 25 27 51 69 94 105 116 126 130
14 24 30 41 45 57 78 83 112 149
32 34 51 53 101 111 112 115 124 125 140 143
0 3 13 15 28 39 44 45 48 83 92 146
57 68 74 82 97 100 140
5 22 26 36 67 73 118 138 144 147
15 24 37 40 46 57 68 77 85 149
0 16 19 39 106 111 139 143 147
3 11 28 31 82 85 87 90 98 111 113 118 122
4 13 95 111 136 144
20 35 52 55 85 91 125 135
8 13 56 95 105 113 115
6 23 31 66 82 95 97 101 123 127 143
17 36 40 52 81 109 113 132
26 54 69 70 117 129
37 58 83 84 114 120 127 141
29 34 39 43 71 85 103 117 129
9 18 28 45 48 64 110 124 137 144
7 25 58 71 74 76 101 104 121 148
0 9 15 23 27 43 48 56 68 77 108 137
37 61 100 127 128 130
14 16 36 55 65 79 130 136 143
41 44 52 78 86 103 113 129 148
1 11 17 23 30 35 49 58 63 68 106 122 144
23 67 84 93 100 143
11 15 22 50 56 95 100 101 124 126 130
1 5 9 12 31 40 43 44 55 75 97 134
11 39 46 66 71 72 76 82 88 112 127 134
7 8 22 91 107 138
1 3 16 18 44 47 98 109 117
39 58 59 95 108 114 123 133 142
0 19 29 44 85 96 121
1 7 12 17 72 115 147
11 30 83 105 111 113
16 25 32 33 49 65 88 113 122 134 146 149
0 34 70 85 95 102 106 108 127 129 147 148
35 36 40 43 55 67 117 119 125 128 144
13 14 34 50 53 67 70 77 78
5 24 62 67 69 87 125 129 133
0 22 50 102 115 126 130
34 42 45 46 57 64 78 98
22 36 50 86 91 96 97 108 119
25 71 103 132 144 149
7 9 14 34 80 82
6 38 49 53 86 129
20 21 55 56 96 101 119
19 54 70 79 111 117 131
5 14 60 71 72 94 122 146
17 50 61 64 89 97 100 111 137
6 41 46 61 67 75 89 120 142
7 30 58 62 70 75 79 87 121
20 38 47 63 125 129
0 58 74 95 96 125 139
5 21 29 58 59 70 74 75 85 121 133 134
34 40 41 42 53 60 67 90 92 105 125 131 148
12 25 52 64 69 91 99 117
17 21 36 38 47 58
25 55 63 71 112 115 148
20 22 53 61 75 81 88 120 132 136
20 23 48 68 74 78 92 93 97 119 137 143
0 3 24 71 126 129 135 140 141 147
95 102 115 124 141 146
7 10 15 25 46 70 76 103 111 127
37 38 41 58 85 88 93 100 115 131
45 76 82 86 111 140 146
17 22 43 52 56 62 69 89 114 118 119 130 143
8 11 31 34 82 100 103 104 108 125 126 139 142
16 26 31 44 56 68 83 84 88 96 107 122 127
14 16 20 30 119 124 149
6 34 50 119 125 148
11 15 24 35 65 101 104 129 134 143 148
0 1 8 13 31 70 76 96 97 114 122
1 69 91 96 97 105 114 131 136 143
1 15 33 59 71 79 81 111 124 132 143
41 47 61 76 110 125
12 22 32 39 47 67 79 126
3 4 6 12 19 24 43 47 66 88 104 110 121
3 13 19 22 39 77 78 84 97 103 108 139
0 10 35 37 39 54 64 94 100 121 140 149
4 13 25 29 45 62 89 107 112 121 142 145
5 7 37 45 63 67 70 87 105 110 117
6 9 16 20 40 56 58 63 68 94 99 134 138
9 18 24 29 41 58 68 70 81 95 120 124
3 22 51 62 65 95 121
29 35 43 53 92 95 109 117 125 142
0 44 58 90 117 118 126 128 145
30 34 38 50 53 68 81 92 94 100
5 7 42 45 60 64 65 66 85 133 141
4 25 42 62 95 108 135 139 140
21 22 35 62 74 78 90
23 33 35 49 62 87 89 105 135 137 142 146
6 13 19 41 44 64 69 90 104
1 9 36 133 137 141
26 29 50 66 91 133 148
25 60 62 77 143 149
8 22 27 28 29 34 36 63 77 78 104 108 139
13 32 35 49 51 59 96 119 127
5 22 30 63 79 94 98 100 120 126 135 145 149
48 58 80 81 97 101 104 127 137 143
11 32 44 45 57 81 88 99 120 125
0 1 12 41 54 57 61 109 111 130
7 54 60 63 87 93 100
6 10 22 34 35 52 54 74 106 144
10 19 53 63 67 90 108 119 123 132
39 44 88 104 112 116 123 126 135 137
4 10 25 29 35 55 72 84 94 97 105 118 126
23 52 62 68 78 102
12 14 27 44 58 65 72 74 82 102 144
3 9 27 34 66 91 111 113 128
8 18 31 111 131 145
7 45 72 79 84 94 114 125 149
7 25 29 95 108 144 149
8 17 26 47 75 95 103 105 110 111 115 127 133
4 6 18 28 70 101 107
17 18 66 125 127 130 140
3 7 48 51 86 87 110 113 122 123 130 142
9 20 57 74 90 95 110 134 139 148
5 10 19 24 40 47
3 28 29 37 49 52 59 65 76 84 111 132 144
95 96 102 112 143 146
35 46 50 72 86 110 129 138
13 51 67 72 91 106
6 48 67 94 129 134 147
9 23 44 48 54 57 81 95 103 142
2 34 39 47 50 54 77 129 136
2 3 37 55 60 72 76 96 97 111 119 140
2 7 38 39 42 70 108 113 114 122 141
6 23 38 49 66 105 144
7 19 33 36 70 95 114 128 132 144
2 50 58 59 73 114 127 128 147
9 11 17 27 38 61 73 104 126 128 131
3 24 30 33 37 53 54 61 69 74 114 119 129
20 52 57 73 79 98 103
13 37 40 47 70 111 125 127 129
46 49 79 97 106 108 140 143 149
5 20 43 57 71 77 122 135
32 35 36 45 54 63 82 87 103 116 142 143 148
3 22 62 66 70 103 115 128 138
86 95 110 111 133 141
0 27 47 79 117 137 146
1 6 16 37 76 81 84 92 95 125 128 137
2 4 28 40 61 69 75 95 103 116 123 143 148
4 18 37 39 41 93 114 131 136
0 20 46 65 85 87 108 137 147
11 30 49 91 128 137
43 50 84 86 95 109 141 143
50 51 66 76 104 107 115 122 125 131 142
12 34 51 61 72 94 106 124 132 145
6 21 27 28 47 54 59 68 72 83 97 98
5 18 67 71 84 85 107 116 117 126 142
53 66 92 118 140 142 148
16 34 57 64 71 73 85 124 138
11 18 23 24 71 84 98 103 113 128 129 132 146
6 17 31 42 77 91 117
16 22 66 79 88 103 113 124 129 132 133 143
8 13 16 37 39 63 83 93 94 144
1 35 52 91 92 96 101 105 122 137
8 36 40 64 74 90 97 102 106 124 144
0 36 38 61 89 93 97 106 116 119 132 143
45 62 82 83 89 110 145
18 21 56 73 74 77 91 112 121 139
15 19 37 44 47 62 70 85 93 95 105 138 143
31 65 89 91 98 127
16 22 27 36 59 98 101 143
16 23 27 69 73 104 112 113 125 137 140 145 146
0 8 23 31 74 75 79
3 14 17 31 43 67 84 104 118 125 130 149
1 5 9 16 18 24 53 80 87 127 138 143
4 6 27 37 39 48 52 68 76 86 87 112 148
26 33 76 83 114 143 149
0 16 32 57 62 63 76 93 110 117 118 130
17 21 33 35 83 100 102 107 115 120 136 138
13 15 27 77 85 93 101 120
14 16 17 18 37 39 58 86 93 107 123 138 146
2 15 25 40 54 55 60 71 94 105 119 138 139
9 21 24 59 62 108 144
19 46 55 62 82 84 88 137
3 9 16 23 33 51 128 130 135 145
29 44 64 71 80 107 135 136 140
3 7 21 36 39 61 72 81 88 111 122 139
26 73 86 88 89 94 97 108 122
5 10 31 50 87 141
5 31 32 45 49 65 101 104 128 136 138 142 148
9 16 40 60 65 82 94 106 120 146 148
33 54 58 78 79 87 93 95 104 110 130
1 2 20 58 103 124 134 140
7 19 53 66 129 149
29 74 86 96 98 103 131 138
12 22 56 70 74 101 105 125 128
8 11 13 15 23 26 28 60 129
4 6 77 78 94 103 109 128 132 141
9 15 37 42 54 90 99 100 103 119 127 133 141
3 4 7 10 42 55 56 63 78 87 97 135
69 74 75 79 107 123 128
11 44 71 77 99 124 145
8 10 18 56 81 95 147
16 23 24 28 36 66 73 77 92 102 104 106 112
22 29 59 61 69 89 97 108 116 137 149
19 25 38 54 69 82 96 113 145
4 6 10 76 78 91 94 96 103 124 126 128 137
2 19 37 51 69 70 81 84 96 97 114 144
14 26 30 62 75 87 88 99 101 114 122
7 11 39 46 62 79 91 92 109 111
4 21 51 81 89 99 117 120
1 17 28 35 37 43 45 50 67 68 80 97 125
53 71 103 107 110 126 129
16 29 43 75 87 88 111 121 142
5 20 31 44 69 71 74 107 144
6 48 56 64 66 77 78 88 102 110 111 124
3 15 25 38 52 64 105 119 129
2 30 55 77 80 92 107
4 27 34 48 52 53 137 138 142
37 38 39 48 54 59 65 93 111 112
12 24 43 55 60 74 83 86 91 94 132 142
15 32 42 44 45 62 70 81 95 109 117 122
38 52 83 92 94 103 108
16 49 51 68 74 80 82 83 105 118 132 141
30 52 71 84 96 105 106 122 140
23 30 35 59 113 137
1 27 51 77 113 119
5 17 34 63 80 86 93 117 127
0 11 24 50 52 59 95 112 125 129 134
6 25 28 32 37 92 115
12 43 59 67 68 72 73 84 89 133
46 66 78 98 100 111 141
11 16 51 82 108 139
8 19 65 93 111 130 134 135
3 5 31 54 70 72 98 148
0 3 42 53 69 73 78 90 120 125 134 136 149
10 43 54 65 80 88 89 97 104 117 125 134 141
2 12 21 26 47 60 62 65 133
12 14 61 74 80 81 124 138 139 142 144 147 148
28 29 84 86 103 126 136
6 18 30 50 55 82 95 143 149
15 56 69 76 79 109 114 130 131 140
25 55 72 101 138 149
8 18 38 42 51 63 69 102 109 121 125 134 147
2 8 40 48 49 98 119
7 29 43 57 62 105 129 130 146
25 46 103 108 114 147
4 19 21 73 86 103 113 121
15 41 65 95 100 102 106 134
2 5 10 14 38 53 61 111 131 136 139
15 18 35 37 50 56 57 63 64 95 128 129 136
1 16 30 34 51 57 60 61 72 76 87 93 124
30 42 43 48 92 102
2 6 24 40 42 44 46 113 125 141 146
2 7 19 49 57 70 78 87 97 109 125
3 38 45 76 96 121 137
11 32 37 53 58 71 143
6 15 41 72 78 101 129 131 138
1 2 19 23 40 108 112 133 148
12 13 43 46 61 70 83 108 114 115 131 134
23 24 27 36 44 56 65 67 80 115
9 10 16 20 22 54 58 83 97 101 115 142
7 9 45 52 116 142 146
5 9 23 37 50 52 61 83 104 117 124 126 140
6 12 21 35 52 55 59 85 88 92 95 138
5 16 37 67 71 90 99 101 103 129 144
7 9 10 17 26 33 59 92 111 127 135 148
4 9 54 56 102 110 115 139
2 16 37 53 60 74 90 103 132 148
11 59 68 72 78 83 98 115 118 139 143 144
6 11 14 21 40 55 65 86 109
3 12 39 82 114 116 130 139
13 26 44 48 64 102
18 43 115 116 128 148
18 22 49 55 56 75 76 80 98 105 122 145
24 35 42 78 79 86 95 124
7 20 42 45 63 69 85 88 102 108 109 112
5 15 31 35 40 60 87 90 97 103 115 148
49 58 76 82 120 145
0 2 6 11 46 59 75 76 80 89 106 126 130
6 16 26 45 57 62 64 68 71 109 128 140
0 4 5 7 8 11 15 89
38 54 56 62 116 124 141 149
0 16 22 34 42 62 67 99
1 12 13 21 54 56 57 60 128 148
17 20 23 57 60 70 85 90 95 111 138
19 78 85 103 107 125
10 21 23 25 34 37 39 62 65 77 102 122 130
4 17 22 28 57 87 105 107
24 31 41 53 100 103
39 71 75 102 106 144
5 51 62 108 141 145 147
17 18 22 35 45 79 115 141 148
3 19 45 60 115 129 146
19 36 42 57 64 104 112 116
9 11 27 36 87 88 121 136 140
9 22 24 40 51 52 58 60 85 95 129 142 146
9 26 27 33 47 54 66 67 131
3 79 83 115 121 135
31 103 104 106 138 139
26 30 45 82 110 146
8 48 71 96 116 124 149
30 37 46 63 68 82 92 98 113 116 117 133 139
8 31 32 50 75 80 81 117 119 132 135 142
5 6 7 43 54 80 81 93 114 117 143
5 12 29 35 89 106 108 110 114 124 137 138 139
26 48 56 71 78 87 100 116
2 9 28 33 99 106 140 145
60 61 97 102 109 110 140 149
4 24 27 28 48 58 59 83 92 93
29 52 56 59 81 85 88 90 112 116 122 131
30 33 45 49 60 85 91 92
0 7 18 20 43 97 117 118 126 139 147
0 9 20 35 57 73 103 137
10 37 45 69 85 117 144 146
13 31 38 50 77 120 146
0 32 34 75 78 81 93 133 134
8 10 28 58 68 81 93 117 119 131 142
4 25 34 50 59 74 75 98 128 143
7 33 36 63 82 83 102 111 113 129 139 143
11 14 19 20 40 41 66 69 107 131
5 24 26 32 64 138 141 143 145
4 19 47 49 65 67 68 69 72 75 102 128 145
3 36 60 109 113 134
15 26 54 85 98 105
11 13 33 47 52 70 99 135 149
10 16 19 65 97 108 114 132 144 146
1 12 20 34 62 67 78 84 107 135
12 15 41 69 132 142
2 5 21 47 57 90
13 22 28 31 49 59 60 68 77 100 101 126 137
1 9 12 23 33 41 48 51 59 101 131 144
1 12 20 44 45 50 57 72 75 80 128 136 143
3 13 38 48 69 88 95 107 108 125 137
9 42 44 58 63 71 87 98 104 133
1 5 26 76 82 100 127 139
6 27 50 54 60 64 72 75 76 103 104 142
13 21 51 79 88 96 111 114 116 141
3 11 16 53 59 94 95 118
8 10 11 23 59 75 94 128 149
3 5 63 65 80 98
44 50 64 70 79 81 83 118 124 149
5 33 81 103 105 119
3 4 10 67 73 75 81 95 98 120 137 142
24 30 43 64 81 85 94 106 118 123 141
13 33 40 55 83 94 108 129 146 149
2 8 10 61 78 82 97 99 111 128 136
28 39 49 90 93 98 109 117 123 130 138
11 40 53 56 75 82 85 108 120 121 128 131 142
15 67 76 96 106 119
7 21 28 31 74 103 115 136 142
30 31 45 54 82 83 122 127 140
12 33 45 89 103 128 145
23 26 44 45 50 72 91 94 99 104 133 145
15 16 23 38 39 59 85 89 133 134 138 140
3 20 36 39 55 59 62 81 102 112 126
29 30 36 37 47 55 61 71 78 85 91 108 112
3 13 26 51 68 88 94 99 101 115 136 141 143
3 4 30 62 69 72 73 74 86 120
14 18 24 40 43 56 101 136 145
11 30 41 50 66 68 97 107 111 143
1 18 45 55 66 114 136 146
26 31 63 64 68 71 101 118
5 6 55 64 75 119
61 74 84 88 116 125 143
2 6 37 58 89 117
10 13 41 61 84 85 101 113 134 139 143
7 16 41 42 44 79 108 122 133 141
10 13 45 101 103 109 129 138
56 60 67 68 81 86 107 110 118
36 68 71 112 142 144
26 29 31 36 41 58 87 113 131 140
4 28 36 38 55 58 59 76 97 143
33 35 62 70 74 84 111 113 120
29 85 112 123 126 130 140
14 23 26 38 54 84 107 112 115
3 15 19 30 33 109
12 20 37 59 61 82 85
4 25 34 50 64 76 81 120 136 137 142 145 149
7 9 13 17 44 51 80 83 86 88 101 104 144
5 44 48 73 79 80 89 145
31 38 40 50 83 101 119
11 14 32 57 74 83 94
18 32 68 103 106 112 117 118 141
5 21 54 62 66 110 113 114 132 135
3 44 57 73 83 88 108 127 142
10 14 24 34 37 74 81 90 99 131 139 145
15 50 81 84 86 87 93 94 104 133 144 148
36 44 65 82 127 130 138
13 27 33 42 57 62 65 69 82 93 119 128 134
12 29 45 56 58 104 105
1 28 29 56 75 85 104
65 74 85 91 96 102 123
26 49 50 55 73 104 115 127
15 20 21 35 60 64 72 82 110 114 116 125 133
18 21 28 68 75 88 93 99 123 134
1 8 51 56 64 88
7 33 57 69 74 116 120
29 41 49 55 64 92 94 97 105 117 119 130 142
24 29 41 44 56 101 130 140
37 48 81 83 127 128 142
9 13 27 29 43 82 88 92 126 148
1 61 80 119 142 143
23 24 26 41 59 84 89 123 137 147
1 42 90 92 107 128 131 133
10 14 36 49 50 57 59 64 78 80 103 110 131
3 5 7 33 64 73 107 109 131 138
1 5 46 48 54 83 96 104 106 112 114 125 132
32 60 71 84 103 117 121 122 141
8 10 47 71 92 113 122 142
39 54 130 131 135 136
25 29 35 40 49 50 61 74 93 128 129
21 24 28 39 45 123 133
5 8 26 42 52 84 87 96 109 113 120 129 133
26 27 42 51 52 56 66 70 96 106 117 140
3 40 47 50 71 72 97 104 128 145
10 20 24 31 57 61 78 80 93 113 116 118 121
13 43 49 62 70 73 80 83 84 102 104 137
76 89 116 128 137 138
14 29 39 52 73 77 87 107 108 123 125 144
6 30 47 59 78 127 134 136 138
0 13 26 30 41 55 67 74 85 126 130 136
1 57 80 88 102 126
34 46 54 88 96 137
9 27 62 63 71 142
80 106 126 130 141 145
14 22 46 49 112 140
23 59 72 91 94 99 106 111 124 129
48 53 61 70 88 122 130 132 134 135
21 24 33 37 38 55 58 60 75 78 112
11 13 56 62 74 80 116 132 143
0 11 18 19 33 57 85 91 92 96 108 109 141
7 23 24 31 39 58 63 82 90 93 109 143
6 10 17 34 35 61 79 98 137
0 2 14 38 96 97 101 117 119 124 132
12 37 116 121 135 140
16 38 74 89 90 107 117 144
2 19 22 41 58 89 92 108 130 141 144 147
17 30 37 62 67 68 109 114 149
2 8 32 33 43 46 69 81 84 131
0 6 15 26 43 47 58 108 109 132 139 143 149
30 34 42 50 53 67 73 77 90 113 127
11 37 42 74 84 85 108 109 125 130 134
26 36 82 89 111 114 124 131
56 63 86 92 107 134 137 148
26 40 85 108 114 149
0 38 47 53 56 57 67 75 82 118 135 146
7 17 25 38 75 144
2 8 23 33 48 57 81 85 91 104 137
23 51 62 77 102 116
21 31 32 37 74 89 106 124 133
2 4 19 59 82 87 99 100 122 145
24 32 54 60 61 64 88 102 111 115 133 149
19 24 56 66 68 73 87 139 144
12 35 51 78 109 115 138
15 35 36 46 58 64 80 96 118 120 124 130 132
3 7 21 25 29 59 85 88 95 103 111 122
2 7 13 18 37 41 46 59 96 104 128 140 149
20 39 41 49 73 83 90 105 123 141 144 145
10 35 38 39 47 55 85 93 103 118 123 132 136
0 26 61 70 88 96 102 136
1 10 11 30 38 45 68 70 83 105 120 135 138
1 16 29 45 56 61 84 86 101 144
21 43 48 89 107 131
27 32 59 75 117 126 129 142 146
1 7 52 59 63 93 107 109 136
16 42 61 67 82 102 130 131 134 139 146 148
6 21 24 38 53 64 70 75 94 106 130 143
33 60 68 77 102 110 112 125 134 140 146
14 24 32 39 42 46 82 90 93 148
17 19 21 30 42 54 67 75 84 93 114 126
1 12 45 80 136 147
3 23 25 66 73 90 100 107 128
24 58 68 93 102 112 124 139
17 40 50 55 91 103 116 125
42 72 91 93 95 105 121 127 130 136 139 148
9 13 19 25 33 38 59 71 86 105 128
9 38 48 83 85 94 120 134 137
0 12 19 30 37 59 73 117 122 133 139
13 18 46 103 120 132 135
0 37 45 48 49 59 94 96 101 114 122 130
14 25 42 49 87 102 116 118 125
25 34 41 50 64 78 86 117
8 14 40 46 57 58 64 78 112 119 123 134
4 33 38 79 96 100 123 148
33 46 47 48 65 73 110 130
3 19 27 39 63 73 79 97 100 113 127 141 145
5 10 46 52 54 90 101 102 121 147
2 67 89 110 126 131
20 30 80 87 98 105 112 133 138 145 149
15 24 39 51 59 75 105 115 129 138 142 148 149
28 43 52 65 80 89 93 103 111 133 149
34 87 99 107 125 149
22 40 49 51 72 81 91 104 108 109 135 141
7 31 45 51 52 56 74 134
4 17 61 65 92 104 117 132
15 62 63 99 105 111 123 128 135 142
3 25 72 83 90 123
3 26 65 71 73 107 111 126 131
5 20 60 61 66 84 88 95 104 134 138 140
2 21 75 80 98 114 122 132
24 29 40 41 54 56 57 68 89
9 25 41 58 82 89 101 110 137 139 141
1 9 13 19 25 31 45 52 65 91 95 138 149
3 7 33 92 110 116 123 124 134
0 24 31 34 38 41 46 70 75 78 89 104 144
31 56 59 68 98 106 111 123 128 136 148
12 14 18 29 67 100 118 122
0 4 36 54 84 106 108 119 142 149
54 72 80 82 94 102 123
33 38 41 59 62 63 70 97 107 117 121 142
20 64 71 98 109 111 121
51 71 92 98 121 126 129
5 15 56 69 85 90 93 112 114
27 30 31 83 93 129
22 25 65 81 98 106 132
8 33 39 41 60 82 109 118 137 146
5 19 35 54 84 105 113 117 123 129 147
3 15 39 70 124 132 146
28 46 85 96 117 123 135
13 24 33 37 67 77 99 109 113 138 147
19 26 28 41 42 51 75 78 86 89 91 118 148
28 40 64 67 68 82 83 85 101 127 128 132 136
4 62 69 81 112 133
8 23 25 70 86 90 91 106 125 138
7 71 86 88 94 128
15 52 60 98 146 147
14 57 83 95 111 125 129 133 144 149
31 32 52 56 59 70 78 79 93 119 132 135 145
12 55 67 81 111 125 127 128 136
30 39 56 61 88 94 109 119 136
74 82 97 98 101 143
18 60 62 65 66 72 90 94 105 117 127 142
0 6 7 18 28 29 54 95 122 134 135 144
21 27 36 55 67 101 129
2 24 32 36 64 104 142
1 31 59 67 83 93 98 110 124 125 138 140
17 20 22 30 32 55 64 74 99 118 126 134 145
5 35 76 96 115 136
1 11 18 37 66 88 104 108 121
8 29 32 63 77 101 103 104 119 134
87 115 118 123 130 148
8 30 40 50 55 82 94 95 98 114 118 119 129
5 13 22 35 39 54 59 61 76 108 118 127
1 18 84 85 100 137 139
28 32 56 63 70 107 118 120 147 149
1 9 43 48 80 81 108 112 118
28 29 44 86 103 144
3 15 37 67 76 119 125 144 145
18 19 39 60 65 71 93 123
6 11 30 43 46 97 119 121 126 128
2 33 41 42 49 55 83 89 96 108 116 128 147
17 25 26 30 62 72 81 84 87 102 122 135
19 20 21 54 63 71 105 106 117 136
2 30 57 61 70 73 76 94 100 109 113 124 129
1 5 18 31 32 34 35 37 85 92 112 128 148
19 22 35 62 76 97 110
24 41 47 56 73 74 93 112 122 123 141 148
10 19 21 68 76 86 134
11 28 71 85 96 101 106 130 140
34 45 77 121 124 127 138 146
4 38 65 66 73 77 91 134 147
6 10 13 17 21 29 44 69 90 108 116 119 132
3 82 95 97 112 113 125
0 35 36 50 58 64 69 89 101 108 118 119
22 33 36 45 54 61 65 70 82 84 108 110 138
14 29 35 49 62 78 94 96 137 140 148
15 18 63 71 86 90 100 141
16 17 23 28 58 62 65 68 76 115 116
2 8 34 37 44 73 74 75 79 81 99 133
10 33 34 42 60 62 100 108 117 142
9 16 37 39 47 52 56 87 89 126 145 148
7 14 15 41 101 107 112 132
48 52 64 71 115 117 128 133 137
25 27 29 49 62 65 75 95 134 138
58 98 107 124 129 146 147
38 39 59 78 84 96 105 119 144 146
25 37 40 57 64 77 102 105 116 121 133 141
0 5 7 12 116 128 131 134
11 20 21 22 29 39 52 63 66 114 127 135
18 30 56 64 76 138
30 41 70 82 95 96 115 130 140
6 10 36 73 91 149
16 19 28 111 133 146
10 12 30 38 61 64 68 75 95 104 114 141 148
8 55 62 71 78 107 129 136
24 32 36 52 54 102
22 34 65 108 110 137
8 9 14 23 35 51 85 91 111 143
5 16 21 29 36 55 56 63 80 114 122 137 149
2 27 30 41 57 58 62 67 77 82
3 11 20 94 136 142 145
11 40 45 71 88 89 91 92 112 113 138 140
3 14 19 34 121 125
5 13 31 32 44 46 60 67 76 105 113 117 144
16 59 100 117 124 130 136
44 59 71 87 112 115 130
35 40 101 105 112 118 142
7 19 23 33 41 44 65 71 82 97 103 104 136
8 31 39 55 58 95 117 141
9 24 29 42 48 74 104 116 121
5 19 25 50 51 68 113 117 138 147
14 26 29 36 60 71 73 108 115 135
1 9 14 16 68 75 88 89 90 91 93 122
50 67 71 73 77 91 98 110 111 132 135 139
44 45 87 106 111 120 124 129 132
10 28 78 97 117 119 122 125 137
3 50 69 76 109 128 136 143
4 42 54 63 81 102 106 115 129
22 49 55 64 72 74 85 91 97 116
36 46 48 60 95 97 102 108 109 116
19 34 52 74 77 82 147
1 13 46 56 65 70 74 83 98 120 148
20 49 57 66 71 102 128 147
6 10 19 47 54 65 80 86 105 130 134
0 24 28 42 43 57 102
20 25 43 44 54 80 85 89 96 99 101 133 143
30 86 89 107 113 123
1 13 14 40 51 59 60 74 75 82 129
17 29 84 113 121 143
14 19 54 57 123 137
18 21 62 94 99 111 139 143 146 148
20 22 37 79 81 90 100 117 129 139 148
61 86 96 101 102 105 136
6 20 35 40 59 67 83 103
10 67 68 104 105 122 144
1 23 38 42 106 118 125 128 137 149
11 35 42 53 56 72 73 79 95 124 137 140
24 30 41 55 57 61 72 74 76 79 98 111
5 30 39 83 103 105 124 139 141
34 36 37 47 56 71 103 108 121
0 75 79 81 84 85 92 138
0 5 44 54 70 75 81 106 108 124 125 127 149
8 24 28 107 124 145
30 32 39 51 57 95 97 106 111 116 121 135
1 30 37 87 103 104 119 141
9 13 20 66 73 76 77 84 118
7 10 14 22 33 35 39 47 53 66 81 94 98
2 29 50 52 60 63 86 100 116 120 135 143 145
26 30 48 78 123 133 140
16 35 59 61 64 79 127 136 144 148
15 45 47 62 85 92 98 111 141
26 38 39 42 50 58 59 66 75 78 90 125 139
29 33 91 107 122 143
9 34 44 70 121 123 141 147
48 74 75 93 98 141 142 146
0 3 13 36 62 68 86 98 101 114 131 136
9 14 34 56 57 70 81 91 148
7 37 41 49 53 88 104 126 133
15 18 27 30 41 59 95 98 123
14 24 27 42 50 79 115 119 138
52 56 59 69 118 146 149
46 47 64 69 73 124 144
6 21 47 49 51 62 81 85 99 138 139
10 20 22 34 40 46 65 84 93 97 101 132
10 34 57 63 74 90 117 142
3 4 11 28 32 66 70
17 20 21 25 27 67 91 99 124 130 135
31 41 44 56 61 73 91 92 131
27 33 54 59 98 122 139
26 65 71 92 122 140
7 22 35 47 54 77 78 122
40 53 85 95 117 128
21 29 32 34 37 45 50 55 56 76 82 100 114
14 80 85 104 111 113 115
33 65 77 99 112 120
1 44 48 75 92 127 142
7 32 82 88 92 112 115
3 26 98 101 105 116 120
16 36 64 84 99 123 138
6 26 48 51 53 54 83 114 136 141
23 26 37 74 81 88 119 137 138
5 17 29 37 40 41 44 46 60 105 128 149
8 57 76 93 94 126
2 3 5 32 72 86 101 106 109 127 138 140
27 39 52 79 87 118 119 128 140 142 148
5 8 42 43 46 67 78 90 92 98 111
5 10 13 19 63 66 79 110 122 123 132 138
6 24 45 58 67 77 80 112 125 126 147 149
3 11 19 38 57 58 60 98 108 125 132 138
6 36 40 70 79 93 106 118 126 147
36 44 55 68 72 75 82 110 116 117 129 135
9 22 37 52 58 63 64 140 142
9 12 13 17 28 42 61 81 133
15 31 35 85 118 133 140
3 10 11 20 23 34 59 71 73 76 117 127 147
16 33 71 100 104 136
18 41 50 55 64 72 102 148
19 23 34 59 62 70 89 93 98 102 110 130 140
20 22 46 55 66 84 87 115
36 39 71 85 91 102 117 136
14 22 51 77 85 95 148
18 24 31 36 50 53 57 67 81 99 125 141
8 9 19 32 48 65 68 69 81 100 115 138 146
25 33 67 77 82 83 96 117 123 125 130 132 139
3 21 76 115 123 138 144
7 24 29 33 42 55 59 124 126
5 8 12 24 35 45 53 57 102 115 127
11 53 95 117 131 145 147
5 30 43 46 47 62 113 121 141
3 15 38 59 77 111 112 131
24 78 80 84 92 97 99 121 130
4 19 29 69 99 109 112 119 124 130 139 140
52 64 67 114 123 134
30 37 49 59 67 88 115 142
3 17 46 56 57 116 132 138 143 149
1 29 96 109 111 127 144
12 54 67 73 76 82 84 88 108 110 121 145
11 29 34 49 56 63 69 86 99 108 128 140 147
29 46 63 75 102 129
5 55 65 80 101 107 135
13 15 45 59 67 71 75 90 112 114 115 122 137
7 9 12 23 27 88 96 103 134 135 149
12 37 39 42 47 51 82
19 25 35 77 81 129
32 37 63 107 109 133 136
17 45 49 89 90 129 142 145 146
15 21 57 62 64 88 116 130 132 135 143
5 11 26 42 53 84 111 139
7 24 54 55 62 65 108 111 113 118 120 127 129
32 33 37 62 66 73 82 106 111 115 120 140 147
13 39 42 46 52 65 74 103 107 116 118 121 147
17 22 59 62 67 68 83 100 101 110 125
5 17 25 32 49 54 84 87 95 106 123 134 142
29 46 64 65 85 92 112 139
21 32 56 62 67 86 88 98 116 118 126 132
11 26 35 41 47 69 73 92 125 133 140 149
16 30 64 97 114 125
5 21 25 29 46 66 78 102 148
4 21 38 67 74 78 100 105 109 128 133 143
3 15 21 23 30 31 76 101 111
13 23 39 55 62 71 79 81 98 107 109 114 134
5 18 42 46 47 52 74 100 106 128 135 143
1 7 38 56 67 75 84 115 120 124 127 139 148
8 36 62 76 90 93 99 102 109 122 143
31 32 40 70 87 90 95 99 114 116 142 145 146
15 24 76 91 109 115 138
39 49 62 71 75 88 103 119 131 135 136 141 143
15 17 31 33 43 54 63 64 76 106
11 13 50 61 69 115 119 123 141 146
13 22 38 51 53 55 95 98
7 10 19 24 41 49 52 69 70 81 104 133
7 10 16 60 62 63 80 82 92 121 134
24 27 43 45 55 63 69 98 122
1 10 32 65 91 101 118 142 147
3 5 12 43 54 75 77 85 102 104 131 133
5 13 27 41 49 63 68 75 98 100 137 138 140
11 12 13 41 52 53 59 70 73 103 115 128 146
14 22 31 41 43 51 103 142
2 12 27 52 77 85 86 107 122 135
5 10 14 33 37 70 78 81 91 106 111 143
6 19 38 45 56 80 82 106 109 128 135
20 43 95 105 107 138 139
48 60 65 75 117 141
4 12 40 46 48 56 74 83 118 129 131 145
35 61 68 70 91 102 122 125 129 134 139
9 21 30 31 65 88 90 95 103 105 106
1 6 21 36 50 51 66 69 98 106 124 141
32 51 55 84 98 113 126 130 132 133 142
1 13 17 42 43 60 98 133 139 143 145 147
27 30 33 47 65 76 79 86 89 126 135 141
6 33 43 54 60 74 88 121 124 127 137 149
7 17 25 36 46 81 83 90 109 111 121 122
4 13 38 46 57 86 97 99 120 129 140
8 27 43 69 112 137
12 18 31 62 69 94 102 144 145
10 19 48 63 98 104 107 113 117 120 123 140 143
40 46 49 52 63 87 146
12 14 21 34 102 107 124 136 139 143 144 148 149
5 36 40 55 100 106
5 46 60 62 64 69 81 82 102 113 116 148
3 51 72 116 131 148
38 44 73 74 76 126 130
4 6 21 27 66 85 94 100 102 129 142
9 38 44 64 68 87 106 149
19 20 31 35 41 57 73 79 84 106 111 143
27 45 65 79 86 88 99 118 120 131 136
1 3 4 11 13 25 38 54 60 72 93 136
21 71 82 105 113 124
15 40 67 77 108 112 116 125 139
0 9 15 33 48 51 59 71 100 103 121
14 16 26 36 47 81 109 111 117 120 124 128 132
35 56 59 61 62 70 135 149
8 52 54 77 81 124
0 2 7 54 62 65 71 98 113
18 30 37 55 64 91 114 121 129
12 18 60 80 91 138
1 3 26 27 114 119
16 19 36 50 80 86 97 106 116 125 126 139 147
9 44 53 66 70 73 90 114 116 142
18 19 96 100 125 144
1 10 57 71 94 115 116 131
36 37 42 61 95 145
1 9 40 41 50 58 89 104
26 34 37 39 63 66 83 140
13 20 33 53 82 106 123 124 132 133
9 27 29 31 60 73 89 116 149
8 23 46 96 102 114
22 39 57 83 105 112 136 141 144
21 25 45 62 85 118 148
5 7 21 86 99 115 125 126 141 144
22 31 55 74 78 135
3 13 19 39 50 59 60 62 79 93 120 141 145
12 28 65 73 87 135
4 8 12 67 83 105 112 133 138 141
29 44 48 52 79 95 123 125 133
2 65 78 93 103 104 105
17 32 54 67 70 86 97 101 121 137 143
4 12 15 46 51 67 94 99 103 127 133 145 147
35 62 63 84 86 92 123 132 139
29 33 56 57 61 106 117
30 44 61 83 87 88 112 117 120
21 82 88 139 142 149
27 54 57 60 125 126 145
8 13 44 84 111 117 147 149
1 24 44 65 68 97 120 135
10 14 19 42 66 91 94 95 105 114 121 146 149
35 91 111 121 125 134 138
0 40 44 47 62 77 80 116 117 121 127 140 147
80 87 104 112 123 140 147
14 25 31 35 74 78 81 88 127 132 143
13 32 47 70 77 82
25 43 51 61 73 88 98 131 148
11 52 67 107 115 126 146 147
28 36 47 50 63 94 115 126 134 144
3 18 20 46 62 63 64 72 76 104 125 136
3 14 16 17 32 45 49 58 67 91 121 142 146
22 31 34 40 57 76 79 80 90 93 97 143
23 41 53 63 64 81 87 89 94 101 142
12 51 55 56 62 82 84 113
14 38 44 48 52 59 66 67 99 123 124 126 138
15 16 21 34 39 44 58 78 125 126 129 144 149
24 29 42 56 65 87 88 100 107 119 128 136
6 13 16 40 46 49 68 79 80 103 143 147
32 40 44 46 75 100 105 117 128 130 138 149
1 33 35 37 60 67 70 126 136
12 52 55 58 82 113 137
15 34 55 74 80 95 106 112 127 130 134 137
15 28 75 89 103 116
9 13 16 17 27 38 47 80 83 87 103 111 123
7 10 17 38 57 65 113 124 131 149
1 20 48 50 66 83 110 133 148
14 25 43 51 52 69 86 87 89 101 115 122 133
41 42 53 58 119 131 135
7 38 45 68 100 136 143
10 39 47 70 72 80 108 131 138 142
14 28 49 79 116 125 136 148
4 9 36 62 65 70 94 104 105 120 124 135 142
14 24 31 34 54 79 96 103 109 115 129
18 38 59 90 105 119 120 124 129 132 137 145
4 15 22 52 54 57 64 66 83 84 108 130 132
16 18 26 48 49 64 65 91 139 146
0 4 9 31 33 39 48 71 79 81 97 100 135
31 37 42 82 109 127 132 133 135 142 143
2 9 24 33 38 60 99 102 124
7 22 78 91 113 121 127
13 26 45 48 76 96 105 121 126
13 15 23 24 55 62 120 145
5 22 48 77 116 122 125 129 134 145
7 9 14 33 44 45 69 85 117
45 68 71 109 126 132
6 21 32 46 56 63 64 86 107 132 133
50 77 81 112 123 133
20 37 46 112 113 138
2 19 32 37 46 60 66 110 114 115 145
18 25 28 36 43 52 70 109 114 121 123 130 145
0 21 44 51 55 57 80 106 114 125 132
39 52 68 76 91 114 115
13 34 59 74 83 97
5 7 23 40 55 77 94 110 119
19 24 53 89 103 112 122 138 146
1 40 54 96 115 117 133 149
9 22 37 58 62 79 90 94 105 130 140
0 1 8 26 30 64 123 137
