27 52 77 96 102 123 129 149
5 20 22 31 46 51 57 83 138
19 25 26 27 66 78 118 142
30 45 57 74 76 78 103 111 112 121 134
24 27 33 60 62 69 71 83 90 92 105 107 137
36 54 66 69 85 115 140 143
5 9 15 28 105 122 141
29 33 44 52 57 77 85 89 110 115 117 122 126
3 37 41 52 85 87 112 114 136 138 142 146
8 19 46 57 69 97 125
36 44 52 63 80 81 94 108 112 121 134 140
64 87 93 95 112 135
7 14 21 43 47 89 109 149
15 16 22 59 69 138
4 71 78 115 122 138
2 43 106 125 126 128 132 142 145
20 28 29 37 67 69 74 93 98 137 144 147
0 19 63 77 114 115 116 134 142
45 66 75 104 121 123 145
1 21 40 52 63 71 73 76 85 87 97 134
12 23 27 56 66 101 111
17 30 63 79 94 119 131 146 147
47 60 61 64 65 87 100 131
6 10 38 41 48 67 81 86 89 91 114
25 27 48 63 72 94 105 106
1 4 17 29 36 41 48 49 71 72 76 105 112
8 19 33 47 48 53 54 72 75 123 140
11 51 60 67 82 88 97 131 134 139
13 17 23 25 36 45 98 104 113 143 148
16 69 79 88 93 100 120 130
37 45 72 75 84 102 107
22 51 52 66 82 83 91 123 133 135 136
21 55 56 106 122 141
10 25 35 36 46 67 69 81 113 131 145
7 28 40 56 61 62 69 96 98 118 122 132 143
11 45 46 67 79 90 96 114 118 125 128 142 143
2 7 63 104 105 109 120 121 132 136
5 10 38 67 73 77 80 97 119
0 31 45 68 139 149
6 23 29 66 88 96 118 119 123 126
35 55 65 68 72 87 131
9 43 47 55 77 98 126 132 141 149
0 54 75 84 104 107 117 119 134 140
22 28 38 58 80 82 95 101 135
6 23 32 42 54 61 63 88 117
8 22 26 35 43 67 78 79 80 82 106
21 24 25 41 80 81 83 98 100 110 111
6 16 28 43 96 127 134
8 37 52 53 76 85 101 126 147 149
24 46 47 55 66 72 132 134 142 145 146
0 54 62 66 102 110 116 118 127 134
3 8 16 25 31 36 61 63 66 83 125 135 147
10 12 17 36 77 112 141
7 29 54 82 99 117 120 123 124 149
55 69 72 74 76 88 94 113 127 134 146 148
37 54 62 63 69 77 86 95 99 106 119 123 130
1 5 14 16 56 115 120 126 148 149
25 29 44 58 73 101 104 128 129 142
5 18 43 54 70 123 145
11 19 36 55 80 85 92 93 97 98 105 117 137
4 44 47 49 54 74 96 133 145
0 46 87 108 128 134 146
6 19 20 69 78 82 83 113 114 130
9 13 25 58 64 65 76 80 104 133 141
18 19 39 65 68 71 81 87 90 93 105 116 135
5 22 30 55 72 83 94 118
54 83 88 95 113 140
22 28 85 102 125 141
10 23 43 56 61 65 73 86 87 105 126 145 148
4 24 30 36 47 59 81 119 124 137
8 47 53 69 99 105 113
14 23 25 27 93 146
6 24 45 52 75 79 81 84 107 111 113 135
26 30 43 45 49 60 62 107 124 133 147
1 8 32 42 63 69 78 88 92 121 141 148
41 95 105 126 127 138
15 17 44 64 76 83 85 96 100 109 112 122 140
30 39 88 96 110 148
12 19 33 44 50 60 98 121 122 124 125 126
9 38 55 71 75 78 97 110 131 143 146
49 71 94 102 117 136
0 24 36 42 47 48 50 77 89 113 133 138 143
26 27 30 36 48 64 67 72 80 81 90 122 129
14 18 39 42 49 52 64 100 104 119 134
34 47 65 83 87 90 100 115 123 129 138 141
9 32 42 49 52 84 86 110 128 133
14 21 28 60 61 64 88 94 101 145
20 21 24 61 65 83 86 105 118 140 143
2 29 38 62 108 133 141
48 49 75 105 127 133
23 37 71 78 99 125 136 149
24 38 51 82 123 127 128
18 48 85 86 101 109 110
11 23 50 71 80 96 111 140
3 7 57 62 68 73 91 97 110 115 121 135
15 23 42 48 63 77 80 96 112 141 148
4 5 17 51 61 100 102 119
17 24 40 46 50 55 71 80 81 112 120 139 147
2 12 17 20 28 40 41 45 106 107 112 140
13 41 44 55 56 95 121 146
4 9 31 51 59 62 64 118 124 125
4 36 40 48 66 96 125 130 147
14 15 43 55 56 80 85 88 92 105 120 147
12 23 29 33 39 86 105 108
31 36 39 46 64 74 101 130 142
0 24 32 63 95 100 127
8 10 21 49 81 84
37 50 56 68 78 80 107 129
5 43 45 82 85 113
1 6 34 51 53 56 91 107 121 125 138
27 28 53 71 83 126 148
9 13 22 60 92 128
5 50 70 71 77 103 127 134 137
18 32 38 40 44 55 70 99 103 124 135 140 144
18 20 45 52 91 137
25 39 56 81 115 117 122
13 14 23 28 37 55 97 113 142 143 144
35 60 74 101 120 124 146
12 33 50 53 57 80 102 107 139
5 25 48 66 75 82 111 128
22 41 72 103 109 116 139
35 48 58 61 65 67 106 109 115 125 135 137 142
51 68 80 83 107 127 132 142
7 8 28 55 57 62 63 104 105 107 129 134 146
0 14 16 21 23 69 70 91 98 110 111 132 145
15 19 38 99 100 105 127 128
28 34 75 82 90 114 117 140 145
2 15 29 32 35 72 82 93 115 139
22 40 73 78 117 131
0 15 32 41 54 77 82 95 124
1 38 42 59 64 67 73 93 106 110 118 125
0 12 28 33 48 81 131 142
29 56 72 77 80 81 87 93 103 131 149
31 44 45 49 77 122 135 143
15 21 32 34 36 41 74 84 115 124 142 143 144
15 31 33 76 85 104 109 110 122 143
35 56 73 91 100 107
14 26 54 59 61 82 86 89 92 148
5 17 30 35 42 64 67 91 106 117 129 145
17 46 49 111 113 130
10 11 15 32 54 64 65 68 73 78 80 94 108
7 32 47 59 98 102 111 114 116 118 125
16 18 33 81 82 104 130
1 23 27 39 56 71 111
37 78 80 84 95 99 100 101 112 129 134 135
2 6 23 49 59 65 79 94 95 96
4 34 36 39 86 100 104 110 127 134
5 35 47 71 80 91 105 129
9 36 65 83 86 109
5 26 40 61 64 65 66 79 96 97 100 120 132
1 7 34 61 80 86 100 126 139
2 31 62 64 82 98 122 131 133
7 12 27 39 47 51 63 78 100 138
9 18 38 41 72 75 98 104 107 120 130
34 38 42 70 79 80 104 126 129
0 11 18 25 27 36 74 87
11 32 39 47 81 91
7 64 78 86 96 108
0 6 9 38 79 144
66 86 88 91 106 134
1 7 16 19 31 59 68 90 122 123
3 6 15 34 38 52 72 89 128 136 140 144
12 26 47 85 92 106 112 138
45 57 67 99 109 111
54 59 63 91 97 100 123 133 138 139
25 45 50 52 59 64 77 124 130
5 19 36 52 55 60 74 107 110 115 116 124 128
2 8 16 23 35 92 102 108 113 116 137 149
6 14 44 47 52 65 71 86 100 102 111
45 67 68 79 86 90 96 102 120 121 122 125 143
29 64 72 86 119 143
8 17 40 58 72 77 90 118 125 137
7 9 13 43 72 77 81 88 93 96 99 106 140
17 50 57 61 95 99 106 112 144 148
40 47 52 53 78 106 119 140
63 66 69 70 71 82 93 104 117 119
5 27 35 46 78 81 94 102 120 136 138 142
18 19 26 36 51 93 95 122 130
26 32 41 45 72 76 103 127 141 146
7 23 34 39 49 52 99 105 116 136 139 140
18 59 70 88 113 148
58 106 107 111 133 136 137 138 142
5 12 14 19 38 64 122 144
6 17 40 41 63 76 135 138
26 36 63 93 115 120 146
5 7 57 74 77 81 87 103
23 49 65 69 82 99 112 123
5 8 13 28 62 69 86 90 108 139 141
28 40 55 65 108 113 115 123 130 144
19 21 29 49 53 71 87 104 147
21 41 54 61 65 72 107 129 141
1 26 35 58 130 132
3 56 62 89 143 146
17 24 44 74 91 105 121
31 32 49 52 78 81 125 146
1 11 24 71 72 76 80 100 101 128 136
27 28 32 33 83 111 117 122 145
33 41 62 76 81 84 118 122 132 137
5 6 18 24 46 70 101 107 112 122 126 131 138
4 26 39 54 72 82 90 95 139
10 20 42 43 90 94 95 115 117 126 132 141
7 38 41 43 45 49 64 74 85 92 97 121 143
78 87 93 107 137 149
5 17 35 46 62 76 99 126 129
14 20 25 73 80 122 126 135
33 43 49 64 85 91 95 99 111 115 119 122
7 14 104 105 133 144
2 7 14 27 45 53 68 108 137
45 48 49 52 53 55 76 89 126 135 136 142
25 38 42 64 70 73 96 103 108 141
12 15 54 70 78 89 91 99 107 118
13 21 37 59 81 83 116
10 11 32 48 57 59 63 74 83 100 109 110 119
3 13 34 62 71 80 93 102 114 138 145
14 17 19 37 91 92 101 136 143
17 18 20 21 29 44 67 77 133 137 144
13 24 32 42 58 66 123 148
1 20 35 36 74 95 126
1 11 22 61 64 89 91 92 102 120 124
24 43 60 116 122 126 138
1 10 22 32 39 42 82 88 90 115 142 143 144
0 6 35 47 52 69 110 113 116 127 132 133
8 59 74 81 104 119 122 126 128 134 137
17 65 97 98 101 144
4 19 24 39 83 88 108 109 134
23 36 37 38 57 64 126 140
16 27 42 69 84 92 94 109 119
18 32 49 69 83 86 109
30 51 58 61 82 93 107 116 126 127 148
2 16 18 64 86 95 104 106 127
1 13 24 36 40 46 74 86 91 109 112 125
16 30 32 38 45 59 71 79 121
3 7 38 45 46 80 98 102 103 105 134
33 44 94 107 108 115 134
4 7 20 70 91 100 121 139
47 51 54 55 56 98 103 146
10 17 37 59 76 89 93 96 99 143
9 39 48 102 114 117
27 42 85 86 92 100 104 138 149
4 12 36 43 56 71 102 115 124 127 131
16 31 37 49 70 72 76 96 112 118 142 149
2 5 7 37 44 50 55 73 74 83 140
18 90 105 108 109 145 148
5 6 37 69 144 145
21 25 31 36 71 108 135 147
12 30 32 57 66 76 77 78 104 126
29 63 83 88 93 99 106 107 113 134 148
10 11 39 40 54 90 111 117 143
3 26 28 66 86 100
12 25 33 45 68 82 84 87 103 120 124 149
3 16 38 43 62 68 70 72 87 131 145
3 45 65 77 85 90 100 122 141 148
0 5 8 18 25 45 49 69 79 125 138 142
6 33 51 73 77 87 88 94 111 114 136 137
19 52 78 79 82 85 97 105 115 149
24 26 45 50 52 82 125
3 46 49 50 56 58 68 148
21 36 49 54 57 61 65
8 26 48 49 58 65 69 98 106
9 57 59 71 80 81 98 104 118 126 133
3 23 30 37 43 61 65 80 100 123 141 146
1 12 29 30 35 62 65 67 81 93 100 120 121
2 36 72 73 74 89 108 117 129 135 142 144 147
20 55 60 65 74 78 92 110 113 136 142 148
11 28 63 96 118 120 121 133 141
2 6 7 14 42 53 70 76 90 106 119 141
24 41 42 57 70 104 129 142
9 20 24 28 42 45 67 106 117 135 136
2 9 25 80 95 96 108 109 117
28 89 93 96 97 98 101 114 123 130 132 138 139
22 32 52 75 104 140
1 17 22 63 79 92 98 115 145
2 19 24 29 39 114
13 46 75 82 97 103 142
16 88 108 109 112 116
10 22 62 71 82 113 131
21 29 31 41 48 74
1 7 58 60 63 65 75 82 137 139 144
17 19 46 53 74 75 98 129
19 23 38 51 62 63 76 119 137 144
6 38 46 63 84 93 120 130 136 148
5 36 41 47 74 91 103 107 108 116 118 121
7 9 34 38 65 86 120 141
18 45 61 73 90 93 104
18 19 35 45 64 65 78 86 106 130 142 147 149
35 65 75 96 114 118
7 10 18 25 29 33 47 48 55 106
15 17 21 39 45 50 57 59 78
1 2 45 52 64 100 116 126 139 141 147
47 48 50 73 103 105 117 129 130 136 143
12 54 85 97 115 135 146
15 17 41 43 59 85 88 125 128 134 146
8 9 58 65 69 75 94 100 102 112 125 133 138
0 2 34 57 74 78 95 101 109 114 128 147
24 67 68 70 129 133
14 27 33 40 74 82 83 88 89 101 107 124
18 30 48 75 99 109 145 149
40 41 78 100 118 124 139
32 41 49 62 73 128
16 55 76 113 125 133
5 14 69 80 112 113 117 122 134
14 29 31 49 67 91 92 109 117 123 144
10 29 38 66 99 113 121 146
3 18 24 46 66 112 124
1 8 24 43 62 65 66 79 107 112 113 137
10 75 83 89 92 96 111 145
22 46 47 63 74 78 88 99 119 145
2 4 9 17 59 71 121 137
45 60 76 82 143 145
11 31 40 67 82 83 90 100 129 132
16 22 33 49 53 75 124 135
2 27 52 64 65 72 82 107 130 144 145
19 42 68 78 86 97 110 120 136
6 23 28 68 81 96 100 131
3 8 45 65 66 67 83 97 110 118
18 27 38 53 65 74 88 93 121 124 130
3 16 54 85 87 118 131
2 4 16 60 85 94 103 107 122 138 142
0 19 22 25 40 56 64 66 75 126 127 130
1 4 7 20 35 59 71 101 133 134 147
3 28 71 74 87 89 98 106 127 141
7 13 17 32 36 53 57 97 129 147
22 26 47 71 111 131
31 32 60 79 81 86 105 137 144 149
1 25 27 42 47 56 59 79 95 98
24 49 73 78 102 119 123
8 19 33 41 44 81 89 94 115 126 138 139 146
35 65 82 99 104 109 136 147
7 8 38 59 61 67 81 92 100 110 124 127 145
16 42 99 117 132 135
14 40 41 42 51 74 85 98 118
10 45 51 52 88 148
9 35 47 54 58 92 113 125 126 139 144
13 19 41 52 64 86 90 101 121 124
1 5 6 28 48 62 78 83 85 88 104 114 120
20 30 56 57 63 86 100 109
2 8 23 24 27 97 105 128 136
7 41 43 66 78 110 120
32 38 63 67 130 133
33 44 50 74 88 93 104 106 110 137
22 43 45 65 71 98 100 104 139 144 145
24 46 77 93 118 129 136 144 147
17 19 52 54 85 88 89 92 103 115 127
1 3 13 16 67 110 113 114 142
31 36 51 77 114 137
8 18 49 68 78 79 81 96 125
2 9 10 16 37 110 111
2 4 12 16 18 21 43 46 52 87 112 120 128
14 42 46 58 59 60 99 147
15 39 42 53 65 68 85 98 102 125 132 137 139
9 44 51 64 85 114 115
7 37 38 42 51 52 67 87 116 136
10 25 27 34 40 43 77 78 85 106 140
32 34 38 66 78 121 131 134 138
28 44 119 135 138 141
3 8 40 47 56 125 138 142 143
11 30 44 62 73 80 126 140
20 26 32 40 119 148
2 57 74 79 103 112 122
3 12 13 51 69 89 104 107 130
14 19 32 36 37 40 65 81 113 147
0 5 8 9 37 38 68 89 124 140
1 26 30 49 63 66 84 86 98 103 107 123 132
13 16 17 33 35 41 59 107 118
1 3 12 16 26 41 70 133 137 147
0 22 69 77 88 143 145
12 35 37 42 64 72 75 82 89 90 122 125 146
1 16 42 43 48 77 99 100 103 109 138 144
0 8 34 56 121 128 142 146
3 24 71 122 141 142
22 57 84 90 96 101 104 125 130 143 144
30 31 42 79 105 109 147
22 25 41 47 54 57 63 75 77 82 94 123 134
11 26 29 42 67 72 101 125 128 143 147
7 11 19 20 32 45 78 122 128 129 132 143 145
18 59 60 61 70 73
20 21 49 64 69 73 98 111 149
15 48 62 84 133 146
60 99 107 112 115 127 128
8 19 24 33 36 64 132 136 142
19 46 59 65 106 109 124 126
17 72 74 77 122 123
8 13 19 30 53 69 85 96 113 116 124 143 145
15 33 63 67 69 130
13 66 70 129 130 137 145
4 32 38 51 69 81 82 92 138 145
1 2 24 43 66 76 84 96 129 142 147
2 4 12 49 62 72 98 102 111 123 129
16 17 19 35 54 55 63 89 98 124 126
14 16 17 20 30 35 62 66 106 126 145 146 148
4 5 10 25 66 74 76 105 106 125
3 34 54 83 94 99 105
15 46 54 56 67 83 92 112 118 122
7 28 33 37 59 80 85 129
2 24 42 50 87 105 134 138
12 17 19 21 25 30 47 52 57 62 85 110 149
8 14 16 37 48 53 82 90 109 124
6 17 25 47 65 75 86 96 105 111 120 125 131
29 40 45 52 92 96 110 135 143
1 5 9 23 61 82 94 129 131 136
17 39 65 88 122 125 143
19 45 58 72 81 125
8 36 38 50 69 106 118 124 129 141
8 42 49 71 140 143
2 5 9 12 28 36 42 53 54 66
0 25 47 52 85 95 100 102 116 134 140 146
20 36 63 73 78 80 82 114 117 118 131 140
20 37 41 95 127 133
22 26 27 53 57 92 98 111 121 145
4 23 38 46 60 69 89 98 127 128 131
6 26 40 64 70 86 117 141
37 43 66 71 107 134
0 22 25 39 84 87 93 110 120 123 130 135 148
40 45 48 50 58 97 98 124 129 130
16 48 56 71 100 108 110 112 117 143
69 71 79 103 124 128
29 37 64 81 104 129 138
0 55 83 96 101 104 122 143
47 49 51 70 72 141
79 85 94 105 128 133 147
18 38 41 54 79 107 126 138 143
60 64 81 119 145 147
4 11 29 33 80 105 148
4 9 14 15 17 57 63 77 96 102 131 137
7 18 31 36 41 42 78 84 93 139 144 148
35 38 62 91 94 133
0 16 77 102 108 124 130 147
52 62 66 79 83 85 99 139 146
20 21 43 64 65 69 102 123 127 131
8 51 65 68 86 98 105 139
14 37 48 54 69 83 88 108 109 131 142
8 14 59 68 101 130 132 137 147
4 41 115 119 125 136
18 44 68 82 83 105 135 143 144
62 75 106 110 136 149
0 8 20 25 32 46 61 82 91 110 114 134
40 51 69 85 95 105 108 110 124 127 141 148
25 33 56 72 102 116 122 136 145
0 34 45 75 84 86 104 110 112 126
13 39 48 51 64 85 100 114 118 141 144
9 30 58 92 97 112 145
12 35 49 56 75 86 111 119
6 26 30 34 38 51 78 115 134 136 137 141 144
26 70 75 80 129 132 136 149
11 32 51 53 59 67 90 96 98 107 149
20 23 39 41 42 60 74 96 107 140 149
20 49 56 57 61 72 94 104 107 115 121 124
20 37 47 78 90 102 109
8 29 31 56 59 113 140
1 7 16 20 30 45 76 91 93 107 114 116
19 21 46 81 144 145
41 44 58 65 77 79 93 143 147
4 27 57 58 80 93 107 117 126 136 145 146
20 36 43 47 79 82 94 112 124 135 138 141 147
5 51 60 66 72 87 103
5 7 24 90 92 98 122 127
13 52 55 61 63 107 109 133 141
2 50 74 83 98 99 100 103 118
3 9 34 60 92 101 141
17 28 58 71 81 85 91 99 120 121 134 144 146
35 41 104 105 107 137 140 148
2 14 16 26 55 99 121
14 45 64 76 98 100 103 143
7 26 34 35 37 55 68 90 122 123 126 127 140
3 24 38 74 122 132
11 36 42 61 83 89 129 139
21 41 43 66 72 131
20 42 44 70 81 114 115 118 127 135
0 25 51 69 91 104 108 123
22 31 41 46 50 67 71 75 132 142 147
1 27 35 61 73 89 100 140
14 27 41 49 76 84 88 106 119 122 127 129
15 36 38 67 74 78 90 109 114
4 9 13 25 51 55 60 67 102 119 130 149
28 29 51 59 63 76 88 113 124 129 133 138 143
26 32 46 71 75 77 80 84 86 122 127 137 142
1 25 46 50 62 73 114 121 134
11 13 28 53 54 68 76 101 121
32 33 50 56 74 79 87 88 109 128 139 147
43 77 109 112 115 139 141 149
37 39 63 103 106 115 124 134 141 148
7 19 42 52 58 68 70 76 79 85 114 125 130
11 25 26 75 94 97
0 4 20 37 75 76 86 115 143
13 17 24 51 56 80 87 90 93 105 120 123
4 9 18 28 30 62 93 99 116 128 129 131
9 18 20 36 46 63 69 74 109 112 129 131 140
7 22 32 33 49 75 85 93 99 141 145
5 6 10 16 35 43 47 76 88 100 122
7 12 41 48 78 115 121 129 131 132
4 18 26 59 61 67 78 94 108 116 120
13 51 81 86 107 139
16 38 65 84 89 93 100 103 105 112
9 10 12 19 43 54 62 64 94 96 130 137
33 40 62 68 73 75 77 84 85 105 113 126 140
13 18 30 54 77 91 97 136 149
2 14 56 109 124 135
5 39 41 43 47 51 79 91 98 129 136 139
10 12 37 41 51 70 71 115 119 130 138
20 32 48 86 105 126 132
4 17 30 44 58 61 67 77 95 102 122 147
2 17 24 29 41 51 52 71 84 88 91 129
4 7 28 32 57 87 118 129
45 53 55 70 72 76 82 87 117 119 146
6 23 46 58 66 75 90 92 123 134
3 6 53 82 87 92 96 97 116 134 138 149
16 20 22 28 33 55 81 84 90 101 124
7 33 65 70 96 133 147 149
0 3 22 26 93 115 131
24 26 64 79 95 102 103 111 121 127 136 137 146
0 4 31 61 78 88 92 94 111 120 129 137 146
4 5 8 20 24 42 68 75 92 122
24 38 45 52 72 99 110 120
43 46 52 57 70 73 121 146 148
3 19 30 36 53 66 95 123 126 134 145
3 38 60 81 86 91 101 111 115 127 131
5 7 34 53 92 96 97 118
41 63 85 92 94 129 133 140
8 9 45 59 61 63 70 73 95 109 112 142
21 31 34 37 104 106 119 122
16 26 36 50 74 79 90 91 93 111 116 140
4 20 26 40 47 62 65 70 107 110 134
2 8 22 25 30 36 44 76 136 146
8 20 33 53 103 123 125 128 133 136
1 23 82 94 99 124 129 130
3 25 38 63 64 76 80 98 143 145 148
31 37 72 79 113 130 144
3 11 13 18 33 39 49 50 110 121 135 137 144
12 21 34 39 68 105 113 114 118 125 149
3 33 47 71 74 87 120 147
15 67 78 100 115 124 126 131 140
5 27 66 79 100 130 138 140 143 144
8 27 37 53 58 72 81 125 128 134
3 22 34 38 55 58 88 115 122
12 57 71 80 99 114
2 6 15 38 49 59 120
43 48 55 62 65 87 135 138 142
11 24 44 56 64 69 89 113 119 121
13 44 47 48 50 68 112 147
17 47 53 73 92 107 135
7 10 21 50 57 77 87 96 121 146
64 84 92 100 106 140
16 28 40 41 69 78 104 122 127 128 129 138 145
3 35 70 93 103 105 115 142 146
54 72 79 80 114 131 140
6 22 32 42 59 84 98 100 115 117 134 136 145
10 24 49 60 70 94 95 106 108 111 127 130
3 11 42 75 79 98 114 121 125 131 141
8 43 59 98 102 111 139
2 21 32 34 49 117 127 130 147
12 29 42 63 79 99 100 126 136 143
0 15 20 53 62 65 81 99 102 116
2 15 17 37 40 45 57 61 82 107 126
5 9 13 25 28 67 88 89 113 140 142 145 147
1 5 7 8 19 23 37 53 75 86 105
38 45 51 52 53 65 78 81 100
10 14 30 37 41 54 55 78 96
7 16 51 59 77 96 119 120
14 30 33 67 70 79 107 109 118 133 148 149
31 53 58 82 127 131 149
29 61 66 85 87 118 147
7 26 87 92 105 111 117 136
8 25 76 100 111 113 125 131 138 142 143
1 19 23 44 54 76 135 136 139 142 144 146
12 22 52 69 75 102 111 113 125
6 7 25 26 53 65 67 68 72 78 125 126 137
14 18 40 60 79 108 117 125 144
0 1 4 5 13 30 34 36 48 82 105
5 30 33 40 64 76 78 86 124 129 132 144
8 42 57 90 100 116 120 124 127 136 137
1 65 92 102 105 125
8 14 26 77 110 126 138 139
0 13 35 40 48 49 97 123 143
12 16 31 47 74 90 100 119 124 142
9 40 43 46 52 84 96 109 110 145
14 44 59 102 114 116
7 9 18 64 106 135 147
1 16 30 36 69 78 91 117 128 144 145
3 8 31 78 79 80 105 107 115 136
8 44 47 55 59 65 86 109 117 129
14 55 97 107 126 138
4 5 7 10 14 76 87 93 101 107 108 111 117
20 60 80 129 134 137 146
20 59 60 61 72 84 110 121 132 143
28 78 96 98 125 145
8 16 46 50 60 66 101 105 108 109 117 140
20 26 68 79 83 98 105 106 146
8 20 27 59 90 95 105 123
1 11 74 77 95 129 139
0 38 81 94 109 130 133
5 18 36 39 41 61 76 81 87 109 110 141 147
12 29 30 37 44 66 70 121 141
0 1 4 12 19 30 70 83 87 90 106 135 137
19 20 50 58 86 96 98 111 113
36 49 66 78 79 98 123 134
0 37 50 52 56 70 75
16 20 57 59 63 67 70 99 111 126 145
34 44 68 78 87 107 120 129 133
1 11 42 48 61 73 82 95 127
34 43 46 48 52 53 63 70 96 147
4 7 14 18 39 65 80 102 116 125 127 143 146
44 61 75 80 133 147
11 62 86 92 98 126 132
0 7 23 29 72 76 77 126
4 27 102 113 115 143
35 40 42 112 120 137
16 65 68 113 124 139 146
8 30 50 57 63 72 85 91 97 98
18 43 59 64 71 109 115 124 133
7 8 9 12 48 60 62 64 78 88 112 127
20 49 50 81 86 100 139
7 11 82 108 112 141 148
1 9 21 49 51 68 71 100
7 11 17 43 82 99 110 137 145
7 12 29 35 64 133 142
73 79 81 87 94 98 108 122 133 138 141 147
9 41 59 70 86 96 97 122
3 14 20 44 48 58 114 128 141 147
3 52 55 69 82 95 98 119 123 129 131 133 141
8 10 48 63 73 98 131 145 148
17 33 70 89 109 116 147
28 30 54 71 74 77 79 114 120
3 9 29 46 127 145
1 4 24 58 91 102 103 113
10 12 18 79 139 146
0 11 17 35 46 73 95 104 121 131
0 33 36 67 78 96
12 20 29 38 49 61 95 98 128 139
29 31 36 65 96 124
0 14 17 84 87 110 126 147
12 19 35 54 61 68 101
43 63 85 89 90 94 133
8 13 31 59 95 122 123 125 133
18 25 28 39 84 115 116 124 127 137 147
23 27 58 80 84 91 98 110 124 127
0 7 16 25 29 35 43 77 92 93 114 141
0 5 8 13 19 59 81 111 119 120
5 10 12 22 31 51 63 64 128 129 137
18 29 35 41 85 91 95 131
27 29 30 41 45 48 49 53 73 75 90 106 139
16 97 114 116 126 143
1 32 35 49 51 53 82 96 100 105 126 143 145
2 25 38 63 64 80 82 99 131
25 26 31 42 62 138
13 40 55 73 89 104 111 128 146
5 38 47 108 122 137 148
6 10 13 17 25 59 60 68 72 84 107 116
8 43 50 51 80 148 149
5 14 70 73 96 99 110 138 142
53 57 66 84 121 135
5 7 14 16 58 74 119 120 131
4 11 19 65 73 102 114 117 118 130 141 144
6 25 37 39 47 59 60 65 107 127 128 144
13 14 29 38 41 55
8 12 28 33 35 37 59 63 102 104 111 133
20 45 51 63 65 102 103 108 137 140 142
5 8 22 52 67 80 81 83 96 98 100
13 15 18 19 32 38 61 72 92 111 119 124 140
15 26 35 36 49 51 77 87 90 121
0 3 5 31 51 52 59 69 74 85 86 101 135
31 43 61 78 93 134 135 143
21 23 51 66 74 89 91 94 102 120 121 147
10 21 22 41 49 71 85 109 130 131 138 147
1 7 15 31 68 70 77 95 110 125 134 140 143
9 28 33 35 42 64 68 83 92 102 138
3 12 104 105 107 122
33 48 68 69 90 105 117 125 130
5 7 12 14 37 50 60 70 93 96 100 141 147
5 31 34 51 52 66 71 75 78 84 105 112
0 26 33 44 52 55 61 82 123
18 36 74 81 94 101 102 114 115 131 145
3 23 26 30 65 70 102 115 125 131
4 14 22 27 50 82 94 100 124 138 143
1 16 40 46 91 105 106
26 43 49 55 112 118 132 141
6 15 18 24 48 57 73 112 117 121 124 136
2 4 5 6 18 29 31 56 86 134
1 16 34 42 71 89 119 143 148
1 3 24 26 33 46 51 101 102 105 135
20 24 30 81 82 86 104 109
5 16 17 19 29 30 32 71 85 100 108 123 135
23 66 67 74 81 84 130 132 134
6 7 39 43 44 49 78 104 106 125 126
4 12 39 62 67 88 95 102 123 141
55 60 67 86 91 111 112 117 127 142
49 70 76 78 103 108 142
1 6 17 18 25 37 62 71 86 129 143 147
1 5 10 42 64 72 79 94 104 111 131 133 144
0 61 63 76 81 101 140
16 25 43 48 64 67 71 73 89 95 115 140
3 12 24 34 52 56 65 69 75 78 83 122 132
20 31 42 55 60 76 86 87 115 119 120 131
4 11 22 29 43 52 58 111 115 118 122 140
23 37 50 60 132 148
2 9 20 42 49 92 96 112 136 146 149
12 20 39 54 58 63 87 124 136 144
0 35 40 53 64 70 93 94 106 110 126 142 148
27 54 58 72 80 88 92 112 118 132 147
4 20 25 56 81 91 135 140
2 5 40 86 87 92 107 110 123 142
23 32 69 86 90 94 97 123 132
4 29 38 74 82 85 92 98 101 104 116 146
0 37 49 120 125 133
17 43 74 79 82 83 99 103 114 130
20 45 79 93 99 109
0 27 29 55 84 87 94
18 36 43 58 64 73 83 94 96 101 111 114 121
12 23 48 80 81 86 91 92 119 138 149
12 60 61 78 80 84 92 124 137 146
11 31 47 53 60 83
16 17 29 38 54 79 88 125 129
3 21 24 50 85 114 133 136 148
22 41 44 54 83 84 91 101 114 138
12 18 24 56 63 83 88 95 107 140 145
10 36 43 48 60 62 81 129 136
9 31 32 33 66 88 89 94 95 115 146
9 21 40 49 84 88 111 127 149
19 28 36 45 52 59 75 77 110 123
5 10 18 32 88 98 107 148
24 28 29 62 64 66 67 101 130 134 140
16 37 72 74 85 93 115 132 143
8 29 33 38 75 84 96 117 124 131 147
22 25 55 65 67 72 79 97 105 130 133 147
3 6 11 16 31 34 51 56 60 87 94 122 148
5 8 11 25 39 54 72 104 116 130 142
11 17 23 46 53 79 96 101 109 134 145
20 28 36 52 67 109 144
1 5 14 26 29 33 78 98 109 127 136 138 149
12 38 39 42 54 124 135 136 143
2 36 43 56 64 107
31 34 63 82 104 113 116 119 120 133 134 139
2 8 15 22 34 47 52 65 88 94 96 122 135
2 51 52 82 87 92 96 122 139
13 24 31 38 46 72 74 106 116 120 139
20 42 51 70 71 72 74 108
24 38 40 48 73 79 86 93 131
7 28 62 65 88 129 133 134 139
3 28 29 55 57 108 120 124 132
2 29 38 63 70 88 109
7 8 11 16 40 47 51 53 82 91 141
8 30 43 81 96 102 115 123 138
23 37 41 55 67 75 132 133 136 139 140 141
1 31 84 91 99 141
26 29 30 101 123 124
1 14 31 51 54 55 63 85 111 123 125
3 16 23 91 114 146 147
6 84 120 122 129 133 142
18 28 78 82 93 108 115 135 138
41 44 56 61 70 95 141
2 11 18 52 79 87
24 36 48 78 99 137
0 29 75 76 77 86 114 144
6 30 32 39 45 54 72 84 102 108 133 146 148
5 15 22 116 118 136
15 21 28 36 38 51 56 70 74 102 107 108 122
12 32 34 64 72 88 102 110 124 133 137 139 148
4 22 25 40 67 71 75 113 121
9 15 40 46 74 100 111 121 135
29 42 53 55 57 58 61 72 87 98 105 127
38 56 76 79 126 127 132
0 16 28 36 51 66 78 95 102 113 118 125 136
3 16 44 57 58 81 86
7 45 54 62 78 86 90 143
10 15 22 26 60 83 85 88 103 140
16 48 85 102 106 136 140 143 147
19 26 34 49 63 102 110 111 120 124 144
1 14 31 47 51 102 115 125
37 44 45 59 75 94 112 117 131 139 146
21 36 39 51 78 98 115 145
16 31 58 62 69 75 80 83 96 104 129 143
2 5 32 64 88 89 101 111 139
25 56 68 75 79 103 104 106 108 136
14 30 41 48 61 67 84 96 134 136
8 22 33 44 52 89 105 122 127 148
10 11 16 19 30 39 47 78 90 127 133
27 36 65 81 95 99 126 142 149
7 61 66 71 114 121 129
0 13 33 50 67 118 119 141
48 68 92 107 117 127 135
23 25 48 49 52 63 121 139
13 36 44 46 48 64 77 125 127
16 23 48 53 60 76 87 101 103 126 148
0 40 47 48 63 73 130
5 31 56 59 73 83 109 111 120 145
11 22 28 34 49 97 111 114 126 137 138 144
22 84 122 126 127 145
42 47 48 70 86 145
5 28 42 66 80 82 83 91 100 103
8 23 33 34 59 63 68 81 96 100 102 134
33 67 68 98 99 101 108 109 119 128 144
13 25 33 79 83 90 92 108 117 119 127
4 9 42 68 81 118 127 149
4 25 56 73 78 99 105 117 125 129
1 15 39 81 90 91 94 114 138
16 88 104 105 113 122 130
5 19 32 39 55 78 86 98 105 107
13 21 37 50 60 76 77 145
48 60 78 83 92 99 105 107 123 138
4 15 40 55 57 100 115
1 16 40 48 63 96 104 120 124
5 8 12 39 86 104 122
6 48 58 82 102 107 113 119 120 136
5 81 104 110 111 145
10 13 34 51 97 106 113
11 17 20 21 29 49 79 82 88 149
13 39 62 83 90 91 102 106 135 146
2 5 14 17 51 62 71 105 110 115 132
7 13 37 58 77 88 91 113 115 121 138 140 141
10 38 65 77 111 145
18 38 58 59 94 101 105 106 108 139
5 25 51 55 134 137 141 142 146
15 32 37 40 59 68 95 115 138 139
4 10 12 29 43 45 105 108 114 128
7 39 42 47 60 112 139 149
15 19 26 70 74 94 96 100 103 109 110 135 143
34 47 78 88 94 131
8 86 89 93 141 148
0 22 38 62 89 90 95 116 117 142
1 3 38 39 57 66 91 96 104 111 141
9 30 66 84 86 93 94 102 109 112 127
9 18 26 52 73 96 127 139
21 33 40 61 71 80 90 109 141
1 55 56 69 83 95 113 114 128 145
5 59 60 80 82 100 109 111 116 137
19 39 43 53 61 71 78 111 114 119 121 131
1 7 25 30 34 42 53 93 105 125
7 25 56 76 86 98 109 112
31 39 52 54 55 64 81 84 100 144 145 146
22 24 34 44 48 49 56 77 92 96 99 128 137
44 46 58 87 93 120
17 30 37 42 49 85 88 97 100 112 121 131
2 5 28 45 50 67 75 79 115 119 121 147
44 48 50 62 65 69 103 109 112
13 22 32 33 88 122 146
21 61 65 91 117 132 136 143
2 7 23 35 67 79 91 98 111 118 121 123 146
31 64 67 112 113 134
1 5 11 24 44 63 64 101 111 120 129 147
10 19 40 41 63 71 91 98 109 138
10 38 52 57 105 145
13 36 37 52 56 72 74 95 104 119
22 23 32 51 61 80 82 115 128 134 138 147
27 31 40 51 52 85 89 95 107 109 112 142 143
1 6 12 57 94 118 140 141
21 32 33 43 50 83 91 113 116 126 131 141 149
1 10 28 29 33 36 49 60 89 92 105 121 147
44 48 54 66 67 88 116 117 132
12 17 20 32 36 55 70 92 96 125 128 143
0 7 15 33 37 44 46 74 77 86 109 124 138
21 40 42 57 59 87 98 115 120 142
8 15 46 64 92 100 123 131
3 26 35 47 61 66 72 80 83 87 92 93 131
6 13 21 26 30 31 55 68 84 116
33 34 55 58 89 95 97 103 119 123 141 143
3 20 26 34 38 54 56 73 113 128 131 143
12 24 35 46 49 60 66 72 73 81 83 90 108
1 26 58 97 112 146
4 26 67 86 107 111 113 125 131 145
9 20 34 59 60 67 117 137
17 23 33 36 58 67 83 84 85 119 125 126 129
22 25 30 50 59 77 93 106 109 119 123
26 39 78 82 104 120 147
32 58 78 115 136 148
11 19 54 106 111 147
2 19 36 48 71 99 113 119 146 148
2 3 22 45 73 107 132 133
29 30 41 109 113 120 138
29 30 35 36 62 70 78 97 134 140 141
17 33 54 57 85 93 122 125 130 138 142 144
10 23 32 81 82 105 113 140
3 12 30 38 51 60 62 63 118 125
0 27 42 43 76 95 142
1 11 15 23 32 40 77 83 101 123 125 134
0 17 27 33 46 49 64 71 129 130 138
31 38 52 57 116 136 148
7 8 30 35 83 115 149
12 36 42 56 57 71 81 115 142
4 5 39 46 50 70 76 92 111 118
8 47 56 110 117 145
11 14 22 48 61 64 68 108 136 143 149
39 72 85 105 107 109 125
3 27 75 99 116 136
0 9 20 41 72 120
10 14 34 44 67 93 125 137 142
7 20 30 81 97 101 113 117 126 128
9 17 53 54 75 82 86 90 120 131 134
6 11 17 42 76 92 105 114 133 140 145
51 52 68 105 123 142
26 30 42 48 65 77 80 95 97 100 101 106
15 30 38 41 60 82 83 92 93 98 99 105 113
3 18 25 57 81 91 92 93 97 104 121 131
10 13 22 25 26 68 71 84 93 107 111 112
0 15 23 42 44 64 71 73 96 106 116 127 128
19 31 37 95 136 137 148
16 25 46 47 48 60 96 116 119 146 149
6 13 23 38 43 74 97 120 129 135 139
26 33 54 80 114 115
31 53 57 74 83 109 119 120 132 134 135
20 51 75 89 123 127 136
0 69 74 79 84 126
8 25 41 53 61 104 105 110 114 131 136 139
18 29 38 49 53 58 66 90 107 109 123 132
37 38 88 104 118 144
27 40 43 60 85 108
18 70 75 84 85 86 87 104 105 123 137 143 149
9 61 76 95 119 125 131 135 145
4 11 36 45 82 88 98 119 122 124 128 146
7 25 31 46 73 102 106 112 115 131 144 146 148
25 54 61 99 123 132 134
20 24 29 32 43 47 52 75 86 101 127 133 138
0 6 8 18 30 38 53 57 59 91 95 103 110
112 117 134 138 143 149
18 20 37 41 58 80 106 123 130 141 147
1 14 54 87 103 130
11 35 47 103 113 139
7 18 30 90 95 100 119 136
9 11 13 28 64 71 82 107 113 136 140
5 6 9 28 33 48 94 129 136 141
5 21 72 74 78 95 131
1 8 12 48 60 65 86 87 103 105 140 141
33 44 52 73 135 137
21 43 53 58 69 99 101 103 109 112 140
16 39 42 54 92 124 139
1 12 33 43 49 57 59 69 73 98 112 117 132
4 6 9 21 61 69 99 109 114 118 134 140 147
7 18 22 49 52 54 60 61 66 68 93 99 128
6 8 53 56 60 61 68 93 98 99 119 148
15 41 52 53 54 65 70 84 100 142
7 11 13 17 68 71 77 92 125
12 28 44 69 78 95 96 131 135
13 14 23 92 110 115 118 121 144
22 36 52 85 97 100 105 115
2 16 29 30 41 59 73 94 114 146
7 14 25 48 56 64 65 73 74 81 100 108 140
22 41 54 110 111 113 140
9 18 20 22 86 108 118 120 121 125
14 28 30 38 44 47 85 90 107 109
31 32 40 42 47 58 87 90 107 108 125 128 133
0 5 7 13 16 20 31 72 84 86 120 133 148
23 29 48 60 79 91 97 104 108 110 121 126 149
11 15 17 20 38 49 50 59 65 131 141
12 25 34 73 80 126 146 147 149
22 52 61 69 86 138
8 11 16 29 137 138 139
38 44 61 64 69 71 82 87 94 96 127 139 147
4 50 70 73 88 91 93 131 145 147
18 28 50 68 70 73 82 85 120 125 135
27 33 37 42 53 56 63 77 95 103 128 134 146
63 71 84 111 120 144 149
15 56 62 68 101 117 119 132 147 148
0 10 12 31 84 86 93 96 97 102
6 20 29 44 47 81 90 114 137 145
38 47 50 82 84 90 95 106 120 143 146
16 23 38 43 45 54 62 77 84 92 124 144
12 19 43 48 81 88 96 115 126 133
28 47 56 60 66 70 77 78 80 88 126 139
1 9 18 46 47 71 123 137 148
2 13 69 82 89 102 126 129 130 134
4 12 24 26 45 47 119 128 136
10 30 36 71 76 79 81 143 146
23 50 70 77 121 136 149
15 26 32 53 57 81 89 107 120 144 145 148
6 15 19 54 63 80 107 119
17 25 26 53 68 92 93 94 106 115 126 146
2 14 31 59 66 75 96 117 124
18 19 29 31 39 71 73 88 117 136 147
6 61 63 74 95 98 109 132 138 149
4 50 62 71 81 85 87 92 93 119 146
23 26 34 61 78 100 101 106 110 119 147
32 35 61 84 85 109
8 51 58 72 79 97 132 146
1 10 15 51 59 97 124 129 139
3 12 17 27 86 98 121 124 138 144
44 79 89 94 106 112 148
1 34 81 106 112 136 147
4 13 34 50 57 63 69 83 89 102 140
8 14 35 46 61 70 94 97 103 118 129 145
15 40 56 68 70 83 86 90 111 119 124 136
2 8 12 15 19 24 29 42 56 80 84 105 130
27 55 83 89 91 107 123 144
8 19 70 76 82 86 96 102
29 30 32 37 59 80 100 136 140
23 29 43 44 53 61 63 70 92 94 99 133 141
6 7 9 86 91 98 105 107 116 117 138 149
3 6 30 46 50 55 58 65 82 111 138
11 17 44 54 64 71 84 94 99 135 142
4 33 41 47 50 69 83 102 106 123 142 146
6 28 30 34 54 55 57 81 90 106
42 50 83 91 96 110 149
73 87 104 111 113 129 138 148
56 71 73 79 82 88 93 94 121 122 127 142
10 13 26 43 45 48 60 76 99 106 114 127
7 10 26 35 37 57 81 96 99 102 110
10 12 13 30 71 74 92 93 109 147 149
36 41 46 47 52 61 72 102 106 107 109 121 135
18 35 63 97 102 110 118 137
21 58 63 89 103 110 139 141 145
4 14 25 27 37 45 109 113 131 132 134
29 30 31 42 48 55 64 82 86 107 129 132 143
59 88 94 95 128 141
