16 17 40 43 84 129 135
15 19 39 47 65 101 108 149
20 31 49 50 60 63 64 104 120
26 28 53 56 79 86 111 114 119 144 145
41 44 53 56 89 103 112
9 10 19 21 33 36 43 110 129
0 2 21 42 49 65 76 92 95
10 16 30 32 40 97 102 103 144
21 22 51 59 81 85 93 132
22 35 40 43 47 83 93 98 113 139 149
3 6 9 15 20 31 57 61
3 15 40 41 48 71 75 104 105 147
8 34 36 41 47 71 76 84 91 118
4 6 13 39 65 77 87 119 121
5 14 61 116 122 134 141
33 35 36 41 56 68 79 135
27 28 43 66 83 109 112 133
0 3 29 41 54 102 111 143
5 25 33 38 44 57 64 85 115 117 118 131
0 3 7 29 44 96 98 132 133 138 142
20 35 40 60 80 90 94 101 105 146
16 24 66 69 97 142 145
48 70 80 84 91 135
46 48 60 86 96 125 126 128 129
0 54 64 89 109 111
22 24 87 90 94 97 106 112 117 121 135 139
0 12 53 65 96 102 104 126 148
43 53 78 86 91 96 98 114 121 147
13 60 81 84 92 98 126 142 149
6 12 13 14 17 25 27 55 68 77 89 112
0 4 14 45 48 57 100 134 141
3 4 17 41 48 63 86 89 102 139 144
18 52 61 68 72 114 130
41 48 49 64 86 104 112 126 137
1 2 37 80 91 107 134 135 145
3 34 36 65 128 134
0 24 28 31 36 93 105
8 12 36 40 58 61 62 81 86 112 116 148
49 72 79 86 97 131 137 138
5 11 34 41 76 82 91 98 127
5 12 85 88 97 101 102 103 115 121
28 55 65 89 115 145
36 43 48 62 64 72 98 101 117
6 40 43 46 58 72 78 90 107 130 133 134 149
8 19 28 43 70 73 121 131
9 17 81 84 118 126
43 45 75 85 101 121
5 16 42 83 122 139 141
9 10 14 67 87 123 130
6 20 53 64 76 93 103 105 109 110 118 124 137
11 28 42 44 50 55 75 81 96 120
21 35 46 74 87 99 126 141
1 13 26 30 31 65 67 98 114 127
4 6 7 13 36 45 55 96 99 108 109 136
12 14 18 29 41 50 59 60 110 113 124 132
10 18 45 91 102 105 108 141 147
26 27 72 83 92 96 116 123 129 133 149
2 45 73 92 96 98 113 133
28 35 45 46 52 65 67 72 79 89 110 128 131
14 30 35 37 41 69 70 72 83 117 118 141
4 21 23 48 57 78 81 94 120 136 141 142
23 47 88 92 102 110
27 41 67 80 82 84 86 94 95 97 102 115 116
2 7 43 56 68 126 127
11 38 46 71 134 144
13 21 47 59 60 81 98 139
4 14 24 34 61 85 100 108 112 120 135 143
22 33 39 63 78 108
29 66 97 103 130 132
12 19 33 35 44 51 58 67 84 91 99 110 124
0 18 21 32 38 114 126 136
15 21 35 38 47 54 59 118 134 136 148
0 7 21 36 42 52 75 84 141 149
16 23 33 34 60 68 100 103
14 18 29 33 43 47 49 63 90 92 107
5 21 23 26 27 61 84 87 96 97 106 109 120
8 16 30 62 65 77 78 79 87 93 119
4 31 54 65 91 118 125 140
14 24 31 41 50 59 61 63 97 146
34 42 48 54 57 62 63 72 95 106 108 136 147
31 41 70 78 132 144
9 13 30 38 81 86 112 125 129 135 136 140
4 58 65 68 96 127 146
3 11 13 14 53 61 86 119 132 133
28 33 39 63 66 103 111 135 139
6 31 54 57 60 61 82 88 101 102 109 130 137
60 64 69 77 92 108 111
8 33 44 77 123 136 143
1 4 16 29 56 79 80 86 126
32 33 81 84 90 106 117 137 139 142
20 26 59 70 120 135 141
3 7 8 19 24 59 61 69 70 75 94 139 149
8 18 38 39 52 55 86 149
0 7 16 50 76 82 86 97 132
26 28 37 49 75 87 92 112 114 121 136 142
2 6 17 58 77 135
20 57 62 95 96 123 142
17 25 38 47 52 56 76 77 93 118 140 141
23 37 43 59 73 99 109 110 117 123 128 139
4 41 56 59 80 85 120 123 129 135 148
41 52 55 57 63 66 74 81 119 131 136
0 30 34 37 110 127 148
37 38 43 46 53 71 101
1 9 10 24 38 66 122
10 16 23 28 51 54 56 73 77 110 131 132
30 70 80 87 99 104
27 33 34 40 57 61 71 81 94 113 119 129 137
0 11 19 72 92 103 104
6 12 16 55 57 78 85 87 114 118 137
5 6 46 47 54 67 121 132 147 149
45 48 60 65 88 91 99 135 139 144 148
8 9 18 51 64 65 69 98 106 116 132 147
7 15 23 44 57 100 115 139 148
23 60 77 89 104 118
11 21 38 48 73 78 104 105 106 142 143
23 43 70 72 83 98 99 106 109 141 147
21 22 26 59 103 142
2 11 17 19 60 64 68 97 106 107 123
1 6 42 47 61 66 90 108
3 7 12 15 16 19 30 47 96 120 135 143
57 98 100 111 121 144
3 21 36 42 59 107
24 25 42 60 69 82 85 98 131 146 147
1 28 33 35 65 76 77 89 111 116 118 119
4 15 38 66 88 98 112 128 129
5 24 34 42 44 46 55 81 89 111
7 10 36 46 61 81 89 95 106 114 121 139 149
1 13 17 37 54 89 122 126 138 140
2 12 48 50 61 90 91 103 125
15 60 91 110 117 135 139 149
34 49 73 77 80 91 93 100 104 119 131 144 147
32 41 49 59 68 83 92 119 126 140
9 43 62 63 103 109 122 134
6 24 54 62 76 81 95 120 126 127 129 133 143
15 19 30 33 59 61 66 76 77 89 113 132
27 42 56 61 66 70 72 86 91
10 11 13 38 39 53 88 95 119 127 128 135
2 8 28 45 83 92 93 101 104 105 117 118 140
14 27 33 34 41 52 86 112 119 120 137 147
4 17 40 45 50 75 79 106 134 139 141 143
18 40 51 60 65 84 97 128 129 130 134 137
1 14 19 22 40 59 60 62 73 96 99 128
9 35 37 38 97 112 115 118 120
34 64 66 71 94 96 98 106 109 115 123 138 140
0 11 12 41 61 62 72 110 113 123 147
9 20 30 40 56 142
17 45 46 67 81 88 96 98 110 115
12 16 25 95 110 122 124 145 149
5 38 60 73 98 125
1 2 37 56 70 90 97 100 119
3 22 27 36 37 55 60 71 79 84 88 99
18 30 45 97 99 103 121 126 127 136
7 11 70 71 80 111 112 120 127
4 26 31 68 85 126 130 141
35 44 83 112 124 133 139
17 35 74 94 96 109 110 130 143
2 35 47 65 70 74 91 92 94 126
11 43 47 51 55 80 91 99
10 27 33 48 77 82 89 112 115
4 25 38 65 71 110 117 129
16 48 51 52 57 59 65 86 92 93 127 149
2 7 37 48 70 72 94 95 124 134
3 15 38 44 62 68 92 109 114 127 134 143 144
9 54 59 73 87 102 113 114
11 35 58 66 72 77 93 107 108 115 123 142
0 9 11 63 75 94 95 97 116 131 138 142
7 44 47 58 69 72 95 111 141 142
0 9 34 55 69 70 71
48 56 62 91 93 105 116 123
22 61 91 120 132 147
23 25 70 95 129 132 141
19 39 49 68 73 81 82 89 90 102 114 135
14 33 35 52 57 70 85 96 121
13 28 66 85 92 98
10 13 27 59 92 96 107
2 5 17 19 56 84 86 95 116 134 136
10 15 39 53 74 85 90 112 123 129 130 134 146
34 50 56 57 58 60 74 83 117 134 137
1 37 57 65 72 115 129 132 133 135 140
0 32 36 48 62 79 92 97 128
58 71 126 127 134 146
23 52 57 64 96 113 119 136 140
16 20 22 31 35 44 51 82 84 102 112 127 131
10 11 26 62 66 68 74 100 102 137
0 29 94 95 96 100 102 105
7 36 61 101 118 136
12 29 37 45 53 65 89 92 130 132 149
0 11 21 48 53 57 85 90 92 98
8 51 52 60 64 70 86 145 147 149
3 18 20 37 49 57 62 79 122 128 144
0 4 14 28 37 59 68 71 86 87 117 130 148
23 27 38 53 56 63 72 82 84 107 112 113 114
16 42 53 54 57 73 83 85 87 94 113 131 141
5 28 42 43 47 62 78 127 128 135
2 65 68 72 97 108
16 29 53 57 58 59 87 97 113 120 135
33 57 69 72 83 103 110 120 136 147
32 34 54 60 67 76 117 138
6 9 13 18 30 37 39 87 107 117 118 137 140
4 19 36 52 59 61 103 112 116 123 146 148
15 38 81 123 142 146
15 22 23 100 125 128 145
18 19 34 44 60 69 125 135 148
32 43 65 81 87 89 138 139
0 4 21 28 33 36 44 58 70 81 82 90 123
11 30 34 60 66 67 104 120 133
12 42 76 95 108 122 124 137
22 25 41 52 63 74 85 93 112
57 99 104 119 121 123 146
13 18 27 29 34 47 91 106 132 136 142
0 11 24 36 48 62 68 97 104 119 128 142
16 25 51 67 72 73 77 82 136
0 1 3 19 29 58 66 80 82 104 128 129 137
12 53 56 74 81 124
18 20 31 41 45 74 107 115
0 19 23 80 87 105 110 127 137 138
7 14 17 70 77 81 89 101 125 132
10 26 27 51 55 70 78 116
1 13 35 43 44 52 55 58 77 85 147
25 28 67 68 76 80 111
25 33 70 76 84 88 95 111 135 140 145
7 32 40 84 94 123
72 87 96 105 110 127 136
23 29 53 56 62 80 104 113 117 147 149
13 118 128 131 142 145
22 26 27 34 47 48 51 69 102 103 105 123 126
11 32 43 44 61 99 102 116 130 143
9 19 21 55 144 147
12 28 56 70 95 135 149
4 5 12 13 19 44 48 64 95 120 121 131 138
2 4 70 77 88 112 127
26 37 54 85 133 136 142
4 21 79 102 103 128 145
7 14 15 23 37 46 56 81 82 99 115 123 144
23 37 48 54 66 86 99 145 147
4 13 49 58 73 79 102 139 142 143 145 146
39 42 43 83 114 138 142 147
3 38 44 74 107 131 141 147 148
27 33 47 53 57 64 94 108 114 121 145 148
20 24 42 43 82 86
11 30 56 62 72 74 80 103 107 147
0 11 20 29 87 92 112 121 139
30 65 67 89 121 148
3 25 58 63 87 100 103 125 149
34 51 70 72 88 101 110
10 13 42 57 58 86 107 112
7 12 16 22 25 27 60 85 108 114 122 125 136
21 52 58 61 136 137 141
12 20 74 87 91 108 122
38 39 56 60 92 114 121 134 139
18 24 31 40 50 99 115 134 135 139 143
14 16 34 58 60 92 101 120 121 148
2 9 20 32 52 65 94 115
20 42 60 126 127 128
17 36 39 44 50 112 133 137
2 12 24 63 109 119 121 124
78 101 114 116 122 144
5 10 25 64 73 83 117 130 144 145 147
1 5 10 30 43 62 68 90 95 127
33 62 67 73 74 76 95 98 115
62 64 67 68 71 96 115
25 28 38 40 56 68 72 88 93 97 127 130
0 30 71 73 75 80 89 97 118 125 135
1 5 10 54 99 119 125 130 137 141
0 6 31 37 49 66 79 86 94 103 106 141
28 41 44 52 98 119 139 140 143
4 5 6 25 50 72 91 96 97 138
7 18 22 27 58 60 82 97 98 105 116 121 139
0 1 30 40 68 103 107 145
2 39 44 75 90 99 101 107 114
13 16 32 38 64 87 88 100 105 122 136 137
14 40 45 51 72 76 92
4 18 20 68 86 90
19 27 44 78 79 80 115
42 53 70 106 119 135
2 25 43 47 55 66 92 116 127 135 139 143
3 4 7 42 90 97 112 117 145
9 12 30 54 60 66 81 93 119 133 137
11 22 32 48 49 51 75 102 112 128 129 130
10 19 39 71 86 120 125
2 8 23 29 36 74 125 126 128
37 46 49 63 72 81 114 118 123 131 134 142
7 12 14 18 29 41 80 98 103 115
12 15 17 23 29 48 70 94 104 105 112 147
24 34 40 72 85 87 105 118 141
0 1 3 14 53 73 83 86 95 117 128 137
9 34 69 113 114 116 122 148
18 22 29 57 60 67 77 92 102 117 148
4 21 29 31 32 47 74 82 87 110 122 127
17 39 45 53 55 56 78 84 88 105 109 136
4 41 44 46 67 74 82 97 102 103 125
21 38 78 112 114 127
8 62 65 73 91 104 119 130 144
18 21 26 32 39 41 55 63 68 69 89 112 135
18 21 39 52 61 71
11 47 50 113 144 147
4 14 51 62 65 92 115 121 129 144
5 69 71 79 88 104 141 142
12 32 60 96 112 114 137
11 45 48 73 140 147
7 8 36 44 46 69 93 118 126 135
0 18 53 66 112 121
28 92 100 107 114 129
1 23 45 68 76 100 125 136
4 10 24 37 39 47 53 62 98 126 142 143
16 39 46 66 75 86 123
4 12 22 45 53 59 120 133 145
1 5 17 28 31 37 38 68 77 86 90 136 141
3 22 31 42 45 56 72 73 79 112 127 147
26 42 46 53 93 114 116 125 133 135 143
29 61 74 85 87 101 102 109 120 124 148
4 8 31 38 44 54 64 76 90 113 115 133 135
3 20 26 29 74 80 97 141
21 29 38 40 48 51 53 59 67 70 71 114 138
24 25 45 79 121 140
10 30 42 69 96 100 105 109 122
7 27 53 70 79 123 130 144
26 27 28 40 58 60 86 104 113 131 147
18 29 36 45 66 70 88 109 115 141
12 22 35 45 68 83 102 105 112 113 126 147
22 36 40 49 57 72 76 78 99 149
52 58 105 118 124 141 147
24 30 31 33 36 46 60 70 72 83 127 136 138
27 28 35 51 58 60 65 69 81 85 127 134 138
0 7 9 50 128 144
6 22 26 47 48 51 59 63 87 98 99 141
12 16 18 28 33 61 68 82 84 121 122 129 142
11 25 26 31 34 42 90 92 101 103 109 110
1 11 15 35 58 74 103 106 112 116 145
39 44 76 93 96 106 146
11 34 53 62 63 84 89 94 101 106 130 133 135
2 3 33 38 62 65 80 133
4 12 65 77 89 99 100 131 132 136 144
8 11 15 30 32 70 89 90 113
20 38 56 61 84 105 114 147
14 51 52 59 70 93 94 111 119 122 141 145
27 28 42 57 60 81 84 106 111 124 127
21 52 54 75 101 105 111 123
3 6 8 34 35 39 113 119 148
23 36 60 69 72 104 130
0 15 28 30 57 61 64 70 104 112 130 148
7 18 42 50 83 129
60 66 100 110 111 126
3 10 24 38 41 43 48 53 60 115 120
8 12 27 33 61 87 88 95 105 116 121 123
0 8 36 47 49 53 71 73 77 79 102 117 128
2 4 14 26 36 65 71 86 102 123 134 139 147
10 52 54 76 110 115 127 129
11 16 30 38 41 55 71 76 96 103 122 125 129
14 18 26 28 68 101 110 125 138 142 144 147
19 39 63 70 95 123 126
12 26 40 63 65 117 144 145
64 71 77 87 90 99 112 145
4 6 12 20 29 49 57 78 135 139
29 63 77 91 104 105 131 144
16 41 42 48 63 78 87 102 120 126 136
8 13 14 33 36 87 92 118 124
17 33 36 44 63 68 75 93 112 113 123 134 145
1 12 33 60 67 70 90 121 122 147
43 48 60 69 112 118 124 138
24 33 54 91 133 137 143
8 21 31 39 65 66 68 95 104 133 139 146 149
11 37 44 62 64 78 79 89 106 108 118 134
9 31 33 45 54 57 71 84 89 143
24 26 33 86 91 104 115 116 132 134 144 147 149
12 14 18 99 101 126 144
1 27 34 45 60 63 67 90 95 123 128 138 145
23 29 68 71 74 86 106 118 128 129 137
46 51 52 56 106 114 119
0 10 13 22 45 49 69 72 92 120 121 124 148
20 24 27 41 63 64 85 106 108 123 138 148
2 9 32 33 38 48 54 55 57 107 113 125
19 25 48 52 74 90 101 125 130
62 83 90 107 110 114 115 117 131 136 142
13 54 56 64 87 92 123 137
26 30 56 74 76 84 114 117 134 135 138 144
12 26 30 37 61 69 75 90 114 126 132 149
20 26 27 51 52 76 79 82 140
15 53 56 58 63 102 111 119 121 123 126 130 134
9 48 63 78 85 94 107 117 123 126 131 139 148
17 100 104 110 116 135 146
21 25 40 46 60 90 98 117 144
2 6 14 20 36 60 84 90 100 110 120 123 134
11 29 40 46 64 65 100 104 112 141
38 44 90 98 107 113 114 123 128 134
14 26 44 71 76 78 89 90 131 140
23 43 45 46 82 83 118 119 140 147
29 47 67 82 105 117 136
44 58 60 77 108 123 130
5 15 16 24 44 89 115 135 142
3 28 44 48 116 132
1 7 8 29 36 44 76 87 113 123
17 22 56 73 90 112
4 10 38 55 59 79 81 84 90 97 125 133
34 44 65 89 98 124 126 139
20 37 73 113 119 129 136
42 75 103 125 130 132 136
18 37 51 98 104 112 117 129 146
71 80 86 115 118 130
29 55 60 62 74 77 98 122 129
3 53 91 104 123 145
1 10 19 43 54 131 137
1 3 36 41 78 79 134 140 145
0 19 65 77 87 106 109 119
0 39 76 83 114 122 135
31 33 41 63 71 82 89 91 95 124 133
86 90 98 105 126 144
15 16 50 51 55 80 84 106 112 114 143
19 31 52 66 86 94 137
22 52 56 69 104 118 130 138
25 47 93 104 135 136
7 14 43 57 72 82 89
4 8 21 37 39 42 47 62 72 84 85 111 140
20 21 42 47 51 54 77 87 95 121 124
3 6 51 58 87 125 136
27 29 42 68 106 117 149
15 28 30 47 68 137 147
8 43 47 55 103 118 138
2 9 47 49 57 66 103 125 130 131 133 146
14 20 64 66 80 103 119 123 128 139
25 32 38 81 103 119 129
1 10 15 17 28 35 56 58 62 63 85 144 149
46 76 80 93 115 120 134
10 49 61 74 83 101 125 137
0 4 15 46 67 69 86 101 108 132 133
1 5 11 19 25 42 58 76 123 125 130 136
7 13 18 28 35 39 54 57 76 87 131 147 148
4 12 37 52 106 122 123 133
7 21 25 29 42 55 78 83 97 99 104
19 29 49 62 66 86 94 104
16 18 30 50 52 53 64 87 101 109 132 141
14 20 47 75 79 99 126 138
0 15 23 26 34 38 52 56 65 72 87 105 134
10 17 23 55 69 78 86 93 101 132 141 148
21 34 52 61 90 95 98 122 126 136 138 144 146
42 64 76 106 109 124 143
4 48 52 57 62 73 74 94 100 103 117 138 148
2 14 15 28 29 38 63 79 92 104 131 142
2 6 43 63 85 101 107 131 133 134
2 20 23 58 64 117
13 18 20 40 44 53 68 74 83 89 91 140
8 40 52 74 112 141 146 148
1 44 48 82 100 108
2 6 27 33 45 63 100 135
2 18 24 32 34 45 46 75 78 83 95 100 135
4 12 47 83 84 108 123 127 130 132 144
19 62 74 86 94 104 132
15 31 39 89 102 106 128
14 22 35 56 61 62 97 115 118 123 137 146 148
17 31 42 64 70 74 113 117 125 132 136
3 7 29 56 70 87 100 108 118 119 129 131
13 18 61 73 87 126 128
4 18 21 40 72 78 86 110 131 142 145 148
10 27 52 58 66 80 88 90 98 117 118 129 149
57 87 89 127 131 133
17 24 48 49 54 74 82 109 119 122 129 138 139
4 17 19 30 50 60 64 80 92 102 117 129 143
27 29 33 36 50 98 100 102 104 109 131 134 140
1 2 3 10 25 52 94 100 118 127 128 130 148
1 5 11 34 36 52 80 81 96 114 134
8 19 45 62 66 85 123 127
18 19 26 54 86 131 136 137 148
3 6 10 13 25 53 66 89 103 108 126 141 147
8 9 14 27 94 107 135
15 30 35 75 77 93 112
32 38 39 42 53 65 78 83 98 99 100
9 12 17 19 21 34 48 51 88 125 145 149
4 5 11 17 24 50 56 68 69 80 88 104 109
22 29 40 45 49 57 72 78 84 89 93 111 147
1 10 24 44 86 102 113 116 123
0 10 18 34 40 43 49 69 100 104 122
7 11 57 105 119 140
11 31 44 98 109 110 130 134
18 43 48 57 59 75 96 112 124
6 24 27 62 73 90 104 109 118 131 132 141
4 47 59 61 64 66 101 117 121 130 142 143 145
1 2 15 17 54 76 100 105 108 109 129 137 139
30 35 39 46 64 68 80 102 105 108 114
3 37 38 50 67 68 75 83 90 102 113 115 117
28 35 82 90 99 136
3 15 16 24 28 48 67 74 101 106 111 127 137
12 23 41 42 55 66 98 130 147
15 23 43 64 68 73 84 88 99 109
28 36 85 86 87 102 103 123 144
1 18 27 36 54 70 74 94 104 114 130
18 30 33 57 70 105 116 120 129
8 13 40 52 55 60 95 118 144
22 55 59 64 99 130 141
4 37 44 49 71 101 112 114 140
8 21 23 25 93 100 106 123 133
7 12 33 40 51 53 75 83 90 116 145 149
11 35 44 46 57 63 99 102 106 111 139
17 28 29 34 38 90 101 104 110 116 117 139 147
1 20 96 104 109 125 143 144 149
10 17 51 76 82 84 95 108 118 146
6 35 38 58 80 143
0 36 39 55 80 82 128 147
22 38 98 111 112 121
8 19 26 28 44 101 106 110 111 124 140 149
9 31 45 72 117 131
9 21 56 63 90 97 108 111 118 129
34 48 52 72 76 101 123 145 148
20 90 114 124 126 131
12 16 42 47 80 81 101 103 136
3 15 16 36 68 115 149
3 12 33 37 39 48 56 89 95 100 115 117 149
50 89 91 109 113 120
5 18 59 71 76 77 94 98 110 139
16 46 67 73 89 98 111 116 124 142
12 22 58 73 75 85 95
22 32 56 60 83 86 89 117 130 131 133 147 148
3 19 31 35 39 43 52 56 70 77 95 135 147
2 28 36 40 60 61 68 79 87 104 135
46 47 48 49 50 55 57 109 113 123 132 141
8 15 23 69 86 106 131 135 144
27 55 56 85 92 103 104 105 106 132 143
16 36 46 60 73 81 91 106 110 116 139
17 25 89 93 117 126 133 144 149
21 22 28 40 55 73 75 105 111 112 129 135 136
14 21 33 63 66 68 83 129 149
10 31 35 59 67 77 81 84 86 102 110 118
15 52 77 80 96 111 134
40 44 46 48 65 74 92 107 124 126 144 148
32 54 81 87 95 116 136 146
30 50 52 61 122 133 140 148
0 8 15 32 36 38 55 111 117 121 125 147
26 28 45 73 75 132 136 146 147
8 14 15 37 59 80 85 93 101 138
14 40 68 73 74 99 121 126 136 139
32 47 53 60 85 103 111
2 15 21 23 30 43 48 65 107 118 141 144 149
7 14 15 50 69 108 133 142
0 20 46 70 88 89 100 121 127 130 141
21 40 45 65 140 144
3 22 29 39 47 59 71 124 135 140 143 148
58 67 69 83 118 121 127
27 28 41 70 82 138
12 14 53 74 95 105 114 119
46 50 86 110 120 137
11 20 24 32 93 95 109 118 124 139 146
13 17 66 93 97 101 114 117 122
0 19 27 35 50 60 75 127
28 33 58 74 94 98 105 117 137 144
2 47 48 69 76 88 123 135 136 148
7 44 54 77 116 123 148
7 46 70 81 91 111 130 139 145
8 19 21 62 96 125 140
11 41 44 77 127 137
5 17 43 57 77 108 116
16 41 61 103 126 135 149
13 41 59 91 92 93 102 110 119 130 147 149
6 28 42 46 55 113 123 145
5 24 26 28 56 62 72 79 82 101 133
28 33 35 37 38 53 67 75 87 102 123 139 146
20 26 30 81 115 120 145
26 27 51 57 111 112 115 124
0 13 46 55 62 66 69 84 88 89 120
1 16 26 33 51 59 62 64 75 77 106 109 114
14 22 30 35 65 106 126 130 135
0 16 21 28 46 49 58 68 71 100 113 149
8 20 62 100 137 147
20 24 70 76 77 88 91 114 117
9 32 39 44 47 66 67 87 99 115 121 140
41 49 57 93 106 126 141 142 145 146
34 51 58 72 76 92 95 118 128
4 40 45 52 63 95 119 121 124 125 126 132 135
16 19 21 40 62 80 82 103 105 108 146 147
2 30 36 60 66 73 92 101 110 144 145
8 12 17 24 35 90 123 145
5 25 44 46 55 60 61 67 87 94 141 149
4 19 24 65 68 93 97 121 137 140
17 39 43 50 79 83 125 137 138
23 44 57 63 77 92 103 107 109 147
4 16 74 83 96 120
3 25 37 48 69 73 90 105 110 114 131
7 8 19 25 26 30 36 39 43 76 96 128 149
8 26 29 37 46 105 111 115 129 137
1 3 14 18 45 57 88 94 104 106 110 131
1 17 23 24 50 57 77 89 99 103 105 114 148
4 25 32 48 50 72 81 91 92 105 109 116 124
4 30 39 56 58 91 100 106 118 123 126 130 148
22 27 34 39 51 60 89 101 117
24 44 45 65 100 145
0 1 19 83 95 110
5 20 22 59 86 145
20 30 36 74 85 104 105 107 120 135
38 41 44 61 80 107 110 113 122 141 142
29 31 34 45 59 86 87 95 111 117 122
4 7 13 14 42 48 74 113 114 120 128
29 34 61 67 79 87
67 81 91 93 107 135 143
0 18 42 64 68 81 119 132
24 61 94 103 109 117 122 130 137
8 55 71 99 114 117
0 9 18 22 47 54 67 110 114 127
25 48 63 64 66 75 88 90 92 101 105 136
11 25 26 50 58 76 80 99 103 132 140 143
2 32 119 120 132 144
0 30 33 56 59 87 93 96 101 105 107 114 144
23 24 38 53 118 136 144
9 18 33 38 86 87 111
30 42 45 62 66 90 95 111 127 128 142 144
9 10 103 126 134 145
40 77 113 118 124 132 134 145 147
7 16 76 81 84 98 123 143
0 36 67 97 98 107 137
1 10 32 38 77 90 139
14 23 82 83 87 115
5 15 25 96 98 110 120 122 130 135
0 59 64 70 89 98 112 118 119 135
14 53 93 105 107 136 139
32 51 57 81 95 107 114 115 145
6 25 29 43 74 84 98 106 110 130 139
10 26 36 62 69 76 88 97 124 127 146 147
13 30 43 68 78 82 89 110 119
2 23 24 27 34 63 103 128 139
24 27 37 44 64 74 100 129
6 15 17 49 59 118 119 123
0 16 62 65 90 118
4 5 25 28 50 57 99
5 7 8 10 17 61 72 75 102 103 124 130 141
1 3 41 49 55 78 93 99 104 110 115 126 136
23 26 42 53 78 83 98 99 105 111 113 114 147
16 20 28 29 46 59 67 84 130 146
7 10 23 27 36 39 69 72 119 139
3 18 33 55 60 63 90 100 114 135 140 149
19 22 62 71 72 94 98 132 133 144
14 27 54 76 83 144
43 67 70 116 131 149
4 24 30 38 73 101 135 142
21 22 45 71 128 129 139 147
34 36 42 61 98 105 110 117
9 15 37 74 87 116
39 43 63 68 144 146
13 17 25 31 41 45 88 100 121 123 148
4 13 42 109 115 131 142
14 54 100 103 120 127 132 148
14 15 25 36 44 62 68 126 143 145
14 19 21 27 51 63 79 144
13 23 37 49 56 64 68 79 90 92
10 40 53 70 71 78 119 132
13 41 66 68 69 80 82 104 106 121 142 143
11 24 39 45 58 70 77 98 113 144
22 34 38 42 71 129 143
5 47 63 82 83 97 120 126 149
43 49 79 82 101 123 131 145
4 8 39 45 52 77 101 112 129 143 146
27 34 43 55 56 72 101 130
15 22 23 34 63 77 130 145
15 19 20 78 92 98 117 123
16 17 44 79 93 100 123 146 149
28 31 57 85 121 127 141
13 14 33 49 87 109 118 120 122 131 145 148
0 4 27 50 65 80 91 92 109 139 140
17 18 24 42 63 74 91 107 148
2 20 51 58 59 81 82 104 127 148
13 30 50 59 74 82 86 98 100
18 44 47 49 56 58 84 93 124 136 138
47 60 65 69 81 120 128 146
5 21 51 58 66 75 81 93 101 103 106 111 143
3 14 20 30 48 54 56 113 127
47 52 77 86 113 119
5 8 34 56 72 123 141
3 7 27 28 44 75 105 125 128 130 135
37 38 74 81 90 123
47 49 58 85 108 112 113 124 125 132 138
12 21 66 82 98 108 115 118 119 134 143
35 36 42 70 123 144
3 6 19 36 70 71 79 117 118 119 133
17 35 57 58 60 84 92 96 125 141
15 34 38 60 94 145
2 10 27 54 61 101
8 19 60 69 84 101 103 133
30 34 38 50 72 81 102 112 123 126 134 146
1 39 58 68 100 143
6 40 46 58 68 69 100 107 122 123 136
4 20 28 65 93 101 102 111 131 138
15 27 39 40 74 82 83 85 92 94 111 125
7 13 25 51 70 109 118 132
12 13 24 33 45 83 97 116 128 133 141
3 19 21 90 91 110
36 38 58 90 117 132 133
34 66 78 89 101 121
7 54 65 75 90 94 120
9 35 51 71 74 79 84 88 128 142
7 83 94 97 127 134 135 140 141
9 16 23 31 43 58 92
9 12 39 54 71 123 146
3 5 49 55 85 103 123 140
38 42 44 60 67 73 74 112 119 130
1 3 18 55 75 81 118
1 21 51 65 87 121 123 127
21 25 34 54 127 142
5 27 40 59 82 87 90 97 129
18 42 59 80 95 111 112 122 138 146
8 18 56 66 109 129
11 14 38 44 49 60 84 102
3 11 23 32 66 72 78 92 98 104 118 119
15 45 55 63 68 77 122
1 8 17 20 26 44 59 94 108 125 127
4 21 37 52 60 64 131 135 143 147
0 4 22 26 28 44 57 83 88 89 100 124 148
7 21 37 45 48 71 72 74 146
24 58 62 66 75 79 112 115 119 129 136 137 141
12 20 26 39 56 63 102 109 111 117 122 124 135
0 16 39 46 90 121 123 136 148
37 78 86 93 104 142
8 20 40 48 70 99 119 124
4 26 31 44 54 56 80 101 114 119 128 132
38 44 53 57 60 63 98 105 121 122
0 2 5 11 16 20 29 40 76 95 107 143 146
3 12 48 52 58 99 110 117 127 132 133 140 147
1 5 6 29 67 86 88 108
11 19 21 37 53 62 81 94 119 129 147
16 46 62 75 112 122
3 23 28 59 63 69 73 79 94 96 101 117 137
17 30 43 72 98 119 139 148
3 4 67 85 111 114 146
2 4 15 42 61 66 79 85 98 106 112 119 127
15 23 32 33 45 63 78 83 88 108 128 130 143
18 20 21 42 45 48 53 70 124
0 24 28 50 78 89 108 119 127
63 70 71 97 98 128 147
48 57 60 70 73 87 102 139
19 31 42 75 90 104 105 106 109 116 120 143 145
23 72 84 91 105 138
17 37 59 62 92 101 103
25 26 39 59 121 139 146
20 26 29 64 72 109 119 142 144
5 28 87 92 97 113 124
0 6 30 51 57 69 81 107 110 123 132 141 147
30 58 84 97 111 114 131 141
0 14 21 33 53 68 75 81 138 141
6 26 34 42 82 93 107 109 136 146
11 17 36 53 61 86 108 110 115 134 135
9 37 38 68 70 114 135
4 19 35 39 55 57 58 78 112 123 125 136 140
23 34 78 82 90 99 106 109 118 121 136 144 146
0 2 21 36 45 69 77 97 123
26 40 54 58 60 83 93 115 124 130 135
28 46 50 80 84 96 110 115 118 135
12 26 46 91 106 133 146
0 33 47 53 63 67 77 78 123 130 141 144
6 59 72 78 82 122
5 13 19 37 58 65 69 113 119
1 38 51 84 91 139 149
11 41 48 69 75 79 92 97 101 119 127 145
48 57 69 94 104 111
3 4 51 73 90 103 143
5 20 30 32 40 42 79 95 128 131 134
4 47 52 87 89 98 148
38 46 79 90 116 132 144
17 25 56 68 74 78 105 113 125 136
27 28 33 37 42 64 124 125
23 38 40 59 72 79 115 116 134 137 139
27 72 75 102 104 118 133
26 27 38 43 81 90 98 119 120 148
32 39 44 70 74 107 109 111 112 128 131 136
2 11 40 90 113 138 141
49 58 66 68 107 137 138 139 146
2 4 7 68 116 129
9 27 49 54 89 132
38 39 75 78 82 94 99 132
38 78 115 119 122 127 133
12 15 24 26 41 82 86 114 116
7 32 45 60 81 93 102 114 140
13 24 26 74 76 97 104 107 126 130 132 133 147
0 21 23 43 53 65 88 101 111 118 124 139
6 14 20 60 73 82 83 103 117 135 137
0 26 38 44 56 110 135
13 29 106 111 113 119
3 17 68 75 106 113 148
6 19 24 25 57 70 90 97 111 112 147 148
8 57 113 115 118 125 135
17 45 48 51 64 72 74 78 85 87 104 111 141
1 33 38 55 75 90 94 102 109 113 140 143 149
37 39 40 41 43 122 133
33 49 58 65 75 118
5 44 52 63 70 71 87 96 100 111 119 128 147
14 16 55 60 84 135 140 144
6 7 14 40 51 58 61
16 32 52 73 80 98 106 121 149
21 26 72 92 123 142
10 29 33 41 51 98 108 120 122 124 145
4 12 35 43 53 54 61 94 104 149
8 50 85 86 88 102 106 122 129
19 23 31 48 49 51 89 110
7 56 63 78 101 104 109 123 139 148
9 19 32 35 60 67 78 105 112
2 15 19 33 36 121 140 141
26 45 116 128 135 146
15 24 74 76 97 105 117 122 138
2 14 35 38 42 90 95 117 127 129 148
3 43 54 65 73 94 98 122 126 132 145 149
15 26 35 42 43 50 76 93 114 122 132 137
0 8 32 36 54 62 92 107 128 134
4 21 51 58 63 90 93 100 121 138
82 87 92 103 124 140
7 29 50 55 69 82 107 114 139 148
3 9 40 49 63 98 124 126 135 149
2 56 57 91 103 123 132
61 74 82 86 112 115 124
18 20 22 35 88 98
6 14 25 40 44 94 95 99 106 113
4 16 34 39 43 57 59 72 79 83 113 144 146
1 20 52 56 57 62 66 90 131 134
8 14 22 51 58 75 84 85 105 111 131 142 149
9 13 16 25 31 45 69 85 86 92 96 103 143
11 14 22 39 43 49 65 89 101 111
22 46 61 69 88 97 127 130 131 133
39 69 87 104 128 134
15 19 33 102 115 118
6 11 42 45 63 107 126 144
33 43 46 80 81 105 120 126 134
2 9 55 59 65 105 109 130 134 135 145
9 29 38 70 104 105 122 134
38 43 63 64 68 77 80 84 93 98 108 137 146
29 42 52 64 71 92
7 8 41 53 55 68 101 128
28 30 42 121 127 145 149
1 12 20 29 83 84 114 126 133 136 147
9 11 41 44 60 63 67 120 131 132
6 11 17 34 48 69 84 88 93 99 131 132
3 16 18 31 35 54 64 75 121
49 62 66 81 82 119 126 127 140
37 38 45 59 67 90 118 124 147 149
14 15 37 44 61 96 134 142
1 46 60 91 93 116 121 134
2 14 25 37 63 132
14 31 45 59 71 78 85 99 101 105 106 135
0 3 8 19 21 25 60 63 69 71 90 103 137
6 13 37 62 106 116 119
5 22 25 27 40 45 46 48 49 51 103 121 131
0 5 37 46 81 90
6 14 24 44 51 55 57 73 88 91 93 126
6 43 44 47 70 78 87 94 97 104
2 25 30 33 42 46 57 79 127
22 23 25 28 38 45 48 61 97 112 123 133
15 26 29 31 42 43 91 114 132 141
6 19 33 62 68 73 108 109 121
8 10 17 21 33 52 56 67 72 112 121 126 146
2 16 30 55 66 97 111 113 126
3 6 14 20 21 41 55 70 83 118 134 146
9 13 21 31 77 79 105 143 145 147
4 8 14 29 31 52 64 82 105 112 127 135 144
7 14 44 52 128 143 145 148
5 16 29 40 44 52 64 67 76 78 80 81 141
30 31 37 41 61 62 64 76 88 89 115
7 15 19 47 51 88 101 104 110
8 15 35 55 78 86 97 99 112 115 129 134 140
2 14 20 22 41 48 50 81 100 112
1 3 5 8 11 25 56 92 109 117 147
36 51 65 66 72 84 134 149
7 26 28 35 40 52 55 68 111 116 145
23 36 45 54 64 69 88 119 135
37 45 50 61 69 85 131
7 20 28 44 52 73 123 125
24 38 41 44 54 94 101 122 128 139 147
2 23 41 42 52 90 102 124 126 128 129 134
14 34 70 88 104 115 122 142
7 16 18 19 61 67 80 88 93 110 111 122 129
1 3 6 7 14 20 29 47 56 94 101 112 130
16 23 33 47 56 120
9 21 56 82 118 143
10 27 28 32 33 45 54 68 113 117 127 132 144
22 59 94 109 115 120 134
17 29 38 56 64 66 104 114 115
31 48 56 69 91 129 146
6 58 81 115 124 125 128 137
7 19 35 76 83 94 114 129 145 146
0 1 28 43 58 75 84 91 98 129 132
25 35 40 47 80 86 111 112 128 143
11 15 27 35 64 84 88 102 105 109
14 45 52 58 66 71 72 83 97 105 140 145
20 35 39 65 85 95
9 12 30 32 39 70 80 107 112 129
66 88 93 108 123 137 146
9 10 15 40 102 117 118 123 127 131 132 136 141
4 11 27 31 69 82 103 116 119 135 139 148
31 57 65 67 104 116 145
28 36 48 50 68 80 86 119 124 134 137
2 3 7 31 36 44 50 85 113 123 131 145
6 20 21 48 68 90 122 123 129 149
43 47 57 70 78 79 112 123 132 136 143 144
9 18 23 64 84 102 132
3 5 13 36 46 86 90 91 101 115 125
3 21 37 71 89 91 107 126 131 135
7 9 11 51 74 89 94 101 117 126 127 136
31 32 55 68 81 126 128 135
47 64 70 71 90 93 127
43 46 49 56 57 58 78 87 128 135 136
5 12 21 35 42 48 53 61 63 122 131 139 149
27 50 52 103 138 142
11 16 27 28 34 56 89 92 130
8 44 52 91 100 127 142
27 45 65 107 116 119 130 142
9 23 24 61 79 103 144
5 11 36 41 77 81 98 105 110 127
9 39 51 69 71 73 104 133 134 139
19 24 33 37 50 59 63 72 92 111 131 145
3 45 65 101 132 138 139
6 12 37 39 48 69 82 106
2 25 38 39 43 116 118 135 145 147
1 2 22 36 37 48 73 90 97 98 122 123 131
2 7 22 30 34 37 125
27 32 33 43 48 57 72 101 123 125 131 139 145
20 38 61 74 76 84 88 104 121 124 143
0 11 13 22 45 115 122 129 133 134 136
2 17 20 35 39 77 88 89 94 126 128 143 147
15 20 29 31 66 84 86 108 116 143 146
7 22 27 40 60 76 77 101 105 117 122 131 143
1 5 9 34 43 53 91 121 132 139 143
14 46 52 95 98 104 128 136 145
16 30 31 43 45 63 73 77 99 129
13 40 52 54 66 84 89 144
6 8 11 47 62 87 99 100 139
24 31 37 68 70 88 134 136
1 7 46 55 145 147
0 29 38 41 46 58
4 5 37 72 77 96 102 123
0 18 21 84 106 122 140 144
3 29 31 38 72 97 100 111 113 126 143
7 17 69 94 99 105 110 115 120 124 133 135 147
56 57 66 80 84 85 104 111 112 147 148
1 12 34 52 59 64 89 110 122 131 133 137 147
18 34 37 81 90 93 109 142
8 34 37 42 48 60 75 88 113 124
9 13 19 25 49 60 75 80 92 97 110 132
1 10 18 41 50 55 83 104 113
7 27 30 44 72 107 115 116 144
10 16 19 30 40 54 64 66 81 97 112 119 141
28 33 36 38 54 86 87 92 95 98 129 149
3 31 57 59 60 72 78 102 103 128 136 147
3 8 29 37 40 47 51 55 100 112 114 116 117
10 18 19 43 92 96 107 132 139 142 149
5 6 12 47 57 65 68 75 85 89 97 123 147
3 46 62 68 72 84 106
8 54 73 93 108 111 112 122 139 145 149
15 30 42 71 72 85 105 123 133 145
1 2 10 16 24 48 68 90 106
2 51 104 108 114 137
2 7 28 58 62 74 97 100 121 126 141
0 27 50 63 75 83 97 101 129 136 140
1 11 13 17 54 61 70 73 81 86 113 139
19 30 43 53 83 90 94 107 113 122 145
2 7 14 33 37 63 76 83 112 131 148
9 11 28 43 58 62 87 111 121 127 147
8 12 38 45 55 59 87 112 121 146
3 99 113 114 121 124
14 30 38 45 103 109 125 138 144
46 56 65 67 76 78 80 84 87 107 111 141
5 14 29 32 44 55 67 70 77 92 104 119 131
4 60 63 73 83 93 101 103 115 132
3 72 79 87 110 127
18 34 43 45 55 76 87 93 100
24 89 90 102 118 144
21 22 23 24 41 77 96 97 116 129 146 149
5 7 15 25 125 140 144
23 74 79 86 100 105 108 121 133 135 136 141 144
7 8 20 86 101 102 114 133 141 149
7 10 17 22 24 25 66 73 91 98 142
1 14 18 26 44 59 73 93 105 115 120
38 43 60 95 118 123 148
26 30 54 78 92 102 117
15 56 67 79 94 119 128 129 132 134 140
6 31 42 47 88 94 97 108 116 131 137 144
8 15 19 56 58 75
12 24 33 37 55 68 70 82 84 105 130
34 37 85 90 91 104 135
0 16 24 28 30 40 84 98 108
3 13 79 81 86 113 137 142 147
1 31 66 68 88 96 131
5 6 30 34 58 70 114 121 128 133 138
6 8 13 25 42 43 52 53 57 65 72 134 141
29 41 47 60 67 85 97 101 104 116 125 136 147
38 71 98 101 125 133
1 47 88 111 123 130 148
16 32 45 53 65 82 108 126 140 148
19 20 39 42 85 87
28 55 57 78 83 101 127
2 6 15 19 29 53 66 81 97 104 114 139
27 31 44 115 126 129 135
19 35 42 45 70 77 78 82 98 112
2 10 20 25 27 29 46 84 105 115 116 119 132
24 31 36 40 78 87 105 115
58 78 83 91 102 115 118 134
22 42 80 95 122 142
15 30 35 37 55 83 93 95 105 108 110 122 123
13 61 75 87 106 111 113 132
31 47 119 123 132 138 139 147
17 22 45 70 77 85
0 39 44 45 69 80 83 91 92 108 112 115 149
49 68 84 86 100 117 119 134
11 38 60 63 65 102 103 118 142
11 23 42 61 65 66 87 95 106 115 117 121 122
54 73 75 80 92 103 128 135
9 11 29 83 95 105
7 24 66 69 76 85 86 120 137 149
6 41 42 56 68 73 102 131 135
3 27 38 41 55 85 89 127 132 143
