40 42 47 54 55 93 105 107 134 149
3 4 23 29 37 42 87 108 118 144
2 12 61 64 81 86 90 98 100 111 115 122 127
1 8 10 17 37 39 56 78 87 99 101 141 142
26 61 81 92 109 122 131
49 65 84 100 129 135 142 145 147
1 4 15 35 51 52 60 70 91 103 110 126 127
14 18 29 64 76 84 94 98 106
32 49 61 64 113 122 128 141
4 11 23 61 72 79 96 134 147
28 40 47 59 83 104 115 129 138
14 25 28 33 37 53 80 94 127 135 142 149
0 4 10 30 43 72 88 91 96 102
32 35 38 40 94 128 141
13 33 48 75 84 102 108 142 145
14 58 96 98 128 132
22 39 51 57 61 67 83 93 120 125 128 132 139
23 25 58 73 103 105 120 138 146
7 22 27 34 44 52 90 95 136
4 6 22 68 71 81 107 110 125 135 136 147
9 14 44 74 76 131 133
19 22 24 34 65 67 86 122 140 146 149
35 57 58 63 72 86 115 126
31 38 70 73 80 100 114 131 134 135 146
10 38 56 63 67 79 91 102 128 148 149
9 16 54 59 82 89 110 127 129 148
2 13 19 44 54 69 74 112 127 147
1 11 20 26 33 37 44 61 84 87 113 117 138
18 25 49 63 68 71 91 99 110 119 138
9 14 44 58 82 100 124 132 133
32 49 75 84 99 139 146
33 41 54 78 83 84 87 94 121 130 131
46 58 59 122 137 141
17 61 63 109 110 113 133 134 141 143
1 31 49 60 95 111 117 139
17 25 57 59 74 79 108 119 123
6 23 33 47 57 77 97 109 131 144
20 25 32 55 71 79 96 97 107 144
4 9 24 31 38 54 55 74 81 89 97 104 112
3 6 8 22 24 41 62 72 77 99 132
0 8 11 35 56 62 87
33 35 52 104 115 128 132
1 19 20 41 42 63 116 127 136 140 142 143
7 37 42 68 79 80 93
10 17 23 30 39 50 96 99 111 124 129 144 149
49 80 82 84 86 104 108 131 133
9 11 15 16 35 40 59 108 110 127 143
34 44 76 87 125 145
0 1 11 57 63 110 134 141
12 18 22 32 42 96 102
9 12 17 22 38 46 50 55 57 85 123 135 144
9 20 31 37 39 47 51 66 71 90 91 93
21 44 47 69 96 107 113 134 146
9 43 48 64 79 95 113 119 135 137 139 143 145
26 29 53 71 79 83 85 88 105 108 115 125 126
7 28 46 54 56 60 64 68 71 81 102 107 144
13 19 50 68 90 95 102
2 16 40 88 89 101 134 138
10 23 24 30 49 58 72 82 103 123 136
12 28 61 75 87 125 129
10 11 16 44 62 72 101 130 132 133 136 138 149
4 12 44 76 80 99 107 133
40 41 46 54 65 85
69 74 79 99 119 123 128 138
9 23 31 86 111 112 135 139
47 57 73 77 90 110 133
1 8 21 32 40 47 64 70 84 95 108 118
28 45 71 99 103 113 122 142
36 45 64 73 87 89 100 110 123 135 138
5 29 34 47 112 117 146
8 32 47 49 65 69 72 139 143
17 20 33 51 70 73 78 87 88 89 95 118
7 8 26 30 40 70 79 90 94 104 111 130 144
2 10 25 31 32 52 56 69 111 113 127 131 148
4 31 67 90 108 143
38 52 56 64 70 73 77 83 87 122 126 139 144
14 16 19 28 118 136 140 149
1 8 17 29 38 40 43 60 86 93 145 147
1 7 43 55 62 64 75 97 105 111 114 126
7 60 62 71 93 122
6 7 31 43 54 55 57 78 109 112 128 141
11 25 56 64 69 70 78 114 115 121 147
4 42 94 103 129 141 148 149
12 21 22 37 38 50 58 68 94 114 148
0 6 22 49 76 81 111 119
24 29 78 82 90 98 124 129
19 20 28 85 91 102 111 117 121 132 133 140 147
15 16 19 28 58 83 85 93 104 116 120 130
47 59 67 71 105 118 135
9 37 47 50 53 57 68 93 106 124 126 133
19 40 69 87 88 129
1 8 20 56 64 72 82 87 96 101
7 54 70 104 107 113
3 10 19 41 42 45 67 74 75 109 125
0 5 22 23 71 82 121 132 139 143 149
56 62 68 75 79 109 110 120
28 39 44 47 50 62 86 93 95 96 106 137
2 12 19 25 34 46 54 76 82 108 119
16 43 68 90 101 114 118
0 22 28 38 43 95 113
2 15 46 80 126 128 136 141
21 24 57 76 101 104 125 145 147
4 8 17 20 34 37 85
24 34 42 53 116 128
34 39 45 67 117 130
16 30 40 76 87 95 96 100 106 115
4 13 46 66 85 88 90 120 122 126 136 143
8 16 29 60 101 122 138
15 47 53 63 64 77 125
2 18 53 58 62 91 109 141
16 34 41 47 79 140 145
9 10 13 22 43 61 77 88 89 102 129 139
22 44 59 61 65 72 94 101 113 126 135
0 12 35 40 75 93 100 105 110 141 144 149
5 16 53 74 76 97 111 136 149
14 34 42 51 55 98 101 106 123 126 135
4 7 13 41 59 82 106
16 39 51 55 63 68 77 100 103 107 115 130 149
22 25 45 47 55 73 74 89 99 115 120 129 132
7 57 65 80 82 85 93 96 114 128 136 143 148
15 29 48 61 66 73 77 84 108 113 122 123
38 74 78 79 105 108 116 136
14 18 20 53 82 87 92 119 140 144
12 35 36 57 77 95 107 133 140 149
16 18 57 63 110 113
4 49 74 76 106 111 136
0 46 49 52 64 69 106 140
1 6 20 27 43 73 74 120 135 142
2 8 9 27 46 56 57 69 119 140 149
31 84 93 103 108 130 149
8 10 68 74 87 88
11 16 27 32 38 54 85 88 103 114 129 136
20 22 26 32 71 84 119 128 137
5 18 30 63 76 100 103 109 132 138 146 148
11 22 55 102 103 112
9 16 50 59 61 65 82 108 123 147
8 26 48 62 103 110 113 141
9 12 26 34 36 39 41 45 80 97 115 142
54 61 81 83 86 108 124 138
4 42 49 83 84 110 112 119 125 131
4 8 24 38 39 41 88 93 114 128 144
6 18 27 60 77 81 84 89 99 148
21 36 48 58 107 131
18 48 61 104 118 144
9 11 25 34 87 90 117 129 142 144 149
49 101 103 116 129 149
1 19 21 64 92 97 127 132 134 136 142
28 30 53 77 85 90 98 108 117 130
8 11 23 33 41 61 97 103 140
14 18 29 57 78 92 96 99 106 111 122
16 18 38 42 49 70 73 75 82 85 133 142
2 25 69 73 83 89 98 121
10 25 36 48 55 73 81 115
44 45 66 79 96 134
17 31 54 73 98 110 119 144
2 11 12 82 101 109 121
1 72 76 80 123 137 138
9 19 39 69 88 108 133 149
23 30 32 39 70 88 89 91 109 112 136
36 64 81 89 110 112 118 132 135 140
10 31 41 42 95 118 125 143
3 21 32 42 56 73 91 95 116 117 123 137
1 7 50 57 58 111
5 9 23 40 45 72 75 95 103 110 121 146
3 39 40 55 115 130 131
24 38 40 62 64 99 100 110 132 135 138 141 145
2 7 25 43 67 102 113 122 135 136
37 40 42 61 67 95 116 140
2 17 28 61 73 75 91
1 65 78 83 93 116 117 130
12 14 37 41 63 67 78 85 99 105 108 117 122
8 13 34 69 98 115 116 123 124 135
42 74 101 103 113 129 139
0 7 32 93 98 113
27 59 63 74 119 125
16 23 30 36 41 62 94 97 103 111 120 127 130
3 4 24 27 45 53 97 100 105 114 128
16 23 26 57 61 70 93 113 121 125 144
30 52 54 68 73 76 85 137
6 10 32 35 46 55 80 138 139 143
5 13 55 62 77 79 83 88 105 123 125 130 145
3 5 41 53 57 71 89 90 92 111 127 131 134
20 37 68 82 107 116
7 49 53 57 80 96 121
21 23 26 70 74 86 90 109 144
7 17 58 60 84 88 91 95 101 102 104 112 132
13 39 55 75 104 106 128
6 34 62 70 85 95 111 112 123 126 130 133
35 91 96 100 103 130 133
23 39 45 48 54 79 123 129 132 145
8 36 40 41 49 50 57 83 99 117 132 137
2 23 31 48 61 63 69 137 138
10 18 44 53 54 58 70 71 78 84 108 139 144
4 8 12 17 20 52 118 124 125 128 135 144 145
30 52 59 84 90 102 110 116 119 146
27 51 63 64 83 94 120
35 77 94 101 102 111 114 126
5 7 19 60 67 74 80 94 98 114 126 134 148
15 29 35 41 65 83 93 113 133
48 55 69 111 122 130 134 149
1 32 57 70 85 89 104 146 147 149
6 11 17 22 23 56 66 70 73 78 81 108 121
3 12 39 49 59 64 70 85
24 30 53 56 57 62 101 111 144
19 30 60 63 70 103 107 126 140
12 14 33 35 43 57 71 81 95 100 104
17 24 42 97 102 118 121 130 138
19 96 106 116 127 135 141
0 5 8 10 31 52 63 67 98 114 126 136 147
10 56 73 85 86 99 108 123 125 133 134 146
48 61 72 119 135 149
16 30 38 61 67 91 125 149
26 41 55 93 108 114 115 118 120 141
1 72 74 93 108 129
14 15 51 79 131 134 143
1 16 23 34 47 79 83 84 89 125 130 135 142
27 46 48 60 71 72 73 117 127
9 17 30 47 80 95 102 109 110 131
10 22 28 52 56 58 64 94 104 126
11 18 35 45 54 68 104 109 123 125 138
3 22 43 62 84 88 103 129 141
16 20 24 39 72 79 85 88 102 123 143
8 13 14 36 78 80 89 94 108 118 138
16 18 24 48 66 86 127
4 13 29 98 104 105 136
5 18 57 64 73 75 95 97 120 145
18 24 27 28 46 62 99 117 123 125
23 35 38 53 74 83 84 88 147
39 43 44 65 69 73 118 126 143 148
32 41 43 57 59 60 92 94 143
8 29 31 46 47 52 81 97 98 109 128
10 12 16 22 33 40 51 64 97 107 112 118 145
36 51 52 63 82 99 117 119 121 134
52 59 61 70 139 143
11 25 26 30 78 96 125 130
10 14 44 83 101 113 118 128 134
5 26 33 35 53 133 134 146 147
8 17 20 21 44 53 59 64 72 86 88 93 108
0 17 29 58 60 114
64 78 82 95 112 118 131 144
7 11 38 45 46 55 75 80 118
1 10 13 20 29 44 49 74 79 84
11 16 46 69 102 132 143
14 16 55 57 83 100
29 32 76 84 88 94 95 100 106 125 144
37 48 102 110 117 145 146
30 32 34 58 76 89 94 104 109 116 119 139 143
2 10 12 15 58 79 90 94 130
23 28 38 45 63 71 89 92 102
61 117 128 132 138 142
3 6 43 47 57 141
13 20 80 82 91 95 107 115 126 132 145
32 36 43 87 92 94 103 146
0 21 31 77 101 125
5 13 17 29 38 79 83 123 137
21 28 39 101 114 144
19 20 33 45 59 88 90 112 133
4 21 30 40 52 60 79 82 107 111
8 23 91 92 115 116 132 146 147
21 55 61 77 80 81 92
18 21 50 53 59 66 82 86 89 107
14 39 52 67 105 112 118
42 69 97 103 113 137
12 18 25 48 50 62 70 117 124
7 23 102 110 126 132
4 11 23 30 43 48 62 69 92 105 134 139 149
4 10 21 26 79 105 114
6 11 29 61 120 125
20 30 31 39 45 53 54 56 87 89 130
15 42 55 56 69 90 92 99 122 146
29 52 65 105 118 131 147
2 10 26 33 87 93 112 123 144 145
11 26 30 35 46 73 79 122 133
7 18 29 45 48 106 147
12 38 39 69 73 119 120
31 42 44 89 97 107
5 11 29 34 62 66 68 71 105 113
15 20 41 58 70 100 108 136
9 18 33 37 52 96 121 138
13 43 44 81 97 112 125 137
18 59 63 94 111 125
10 31 58 65 89 96 103
27 38 40 49 51 57 59 103 106 121 126 131 149
30 37 41 59 70 73 78 84 101 109 114 146
31 34 35 46 78 80 106 107 118 128 132
13 14 18 41 69 80 112 130 149
6 20 48 78 102 125 128 131
6 12 31 78 86 89 93 105 106 121 129 134
38 49 84 96 104 106 119 123 139
2 18 52 83 104 124 138 139 144
20 31 69 76 85 101 121 129
32 38 67 68 75 78 133 137
29 46 50 89 92 99 101 109 121 132
6 17 33 36 56 60 61 76 106 115 121 141 147
27 33 36 58 65 87 111 115 137 148
17 18 71 79 104 116
25 60 76 78 126 133 135 136
0 33 64 68 86 96 106 135 147
8 18 20 34 46 74 79 98 104 108 109 124 128
0 5 11 37 41 42 45 47 49 58 87 125
49 54 57 64 72 73 81 97 103 104 140 149
16 34 42 50 55 70 94 110 124
14 19 26 32 39 44 86 91 112 130 146
40 46 65 73 86 93 111 118 138 139 140 143
15 18 22 29 44 60 80 82 85 91 92 95 149
4 12 33 55 89 131
2 19 21 69 89 125 141
38 58 70 74 113 117 118 120 147
0 1 16 17 22 24 66 85 95 102 104 105 138
44 55 73 89 91 130 144
24 36 71 79 97 126 128
34 49 62 69 74 79 85 90 94 124 128 130 131
18 26 54 64 75 101 125 133
3 4 21 34 45 58 77 102 117
3 10 20 31 43 67 75 87 115 145
6 38 91 104 114 122
18 45 58 100 127 149
0 36 54 78 92 103 122
1 8 12 42 51 69 81 82 86 122 124 133
42 47 52 116 125 128
15 26 59 62 65 73 76 79 92 99 102 141 144
56 64 72 76 106 115 144
7 29 34 44 51 87 111 115 141
0 1 13 44 47 64 80 87 113 144 145 146
6 9 18 25 27 49 60 138
25 28 35 37 79 83 89 106 124 147
0 6 21 34 36 121 137 138 140
19 51 65 66 80 97 111 144
26 47 52 97 114 115 116 146
14 15 18 60 68 75 93 106 112 120 128 143
10 20 26 65 68 95 123
3 19 57 63 71 73 82 93 108 121 139 147 148
3 10 23 105 116 136
7 18 42 45 89 99 104 131 136 142 143 145 149
15 22 28 40 63 64 74 80 92 97 118 132
24 26 62 80 136 142 146
1 11 25 35 39 54 77 80 113 118 121 139 144
22 42 49 63 83 93 116
5 6 30 43 52 73 78 81 93 116 118 135
6 11 60 61 75 80 84 110 112 139
43 49 75 80 89 108 122 139 148
3 16 23 72 96 102 115 137
25 39 49 58 65 78 93 113 115 122 131 136 141
44 79 80 87 123 142
9 33 51 63 66 137 146
37 39 42 77 128 130
29 35 42 44 62 66 80 113 116 124 149
3 6 21 32 34 35 47 53 60 72 93 107 108
1 29 37 42 48 51 60 75 79 106 116 127 147
12 13 27 33 46 47 52 91 107 126 135 138 146
28 35 41 46 69 104 105 117 141 144
2 15 28 39 62 102 110 127 130 131 140 144
1 2 29 38 40 53 107 110 135
18 24 35 41 43 50 64 76 82 121 126 127 145
7 48 58 109 117 149
2 3 30 63 69 92 108 123
3 19 23 59 60 78 140
12 31 36 52 84 87 138
2 9 11 35 51 52 54 75 80
0 9 17 18 25 42 80 90 103 106 107 127 130
3 17 45 70 75 101 125 130 132 140 147
18 36 47 51 67 73 79 96 103 107 133
4 6 67 86 129 143 146
8 40 64 77 105 148
3 6 36 64 68 85 92 93 140 145 146
15 18 43 44 83 86 88 96 118 136
22 42 53 54 105 111 117 132 137 140
9 15 23 51 94 95 109 121 126 131
14 22 25 32 42 54 71 89 100 103 104 137 141
1 7 26 31 39 49 66 78 99 139
3 17 34 37 47 51 70 78 101 103 114 136 141
3 20 47 49 68 78 84 86 89 102 124 146
28 29 38 41 50 56 76 101 113 149
3 59 79 82 92 112 122 126
18 23 41 55 58 87 98 121 128
19 27 33 41 49 74 75 95 110
34 56 67 71 111 143
7 17 18 25 85 139
6 12 48 92 115 120 126 127
5 20 26 33 37 39 109 114 130 149
1 13 22 33 46 48 64 86 94 101 105 122 125
19 56 70 102 103 119
27 34 37 57 62 73 89 104 137
2 14 50 59 64 101 138 149
1 33 42 55 71 73 74 112 128 138
8 25 28 35 63 140 142
15 36 38 44 67 78 94 101 138
11 37 38 61 73 81 92 93 120 146
47 49 56 63 80 83 93 102 112 118 131 139
10 51 70 76 77 89 113 128 129 131 137
16 19 54 56 60 73 101 106 110 122 128
2 16 39 46 61 74 77 93 98 106
6 8 13 68 81 82 92 131 142
22 40 44 51 81 131 136 142
16 32 35 41 47 49 63 77 121 146
8 15 37 39 45 49 64 76 79 86 94 138
11 27 31 34 43 60 102 106 117
0 15 59 86 112 120 138 149
2 7 30 61 72 88 94 100 146
6 21 32 34 59 81 97 104 127
3 33 35 46 48 63 100 109 145
2 9 12 29 56 90 99 102 108 118 125 139
4 14 18 48 97 106 107 113 117 119 123 129
28 58 64 70 119 121
19 20 21 40 55 57 58 73 85 88 90 119 120
30 56 68 89 104 132
2 5 10 12 15 29 31 34 38 69 105 106 121
23 34 48 77 90 95 133
14 27 62 74 84 149
0 6 42 67 96 99 106 120
2 43 72 76 78 90 127 139
15 16 44 52 77 105 112 123 127 141
7 26 35 41 49 108 131
29 49 70 75 84 86 94 95 113 117
8 16 54 62 64 71 77 116 117
22 43 49 77 92 107 115 135 145
7 57 60 61 88 98 126 127 129 136 142 144 148
13 42 43 56 57 106
3 16 29 35 76 92 97 99 108 112 134 137 145
3 23 31 54 85 93 99
11 15 25 30 32 53 83 116 130
35 73 84 108 128 134 137 139
1 12 45 46 55 71 86 113 115 123 145
18 29 47 48 80 86 88 106 126 130 134 135
10 31 34 42 44 55 77 82 101 114 142 147
12 14 26 41 43 46 65 77 92 115 116 124
17 29 30 34 50 60 97 110 111 120 123 143 149
20 31 79 89 115 138 141 145
16 25 36 39 62 79 95 96 106 110 121 138 140
1 74 78 106 109 142
31 32 43 55 57 73 77 86 111 115 126 127
5 18 78 127 132 141 145 146 148
3 12 16 29 30 55 92 108 133
8 43 50 76 99 106 111 117 131 142
18 68 82 96 110 144
2 10 18 22 27 45 51 57 60 74 77 84 89
39 44 49 54 73 126 128 140
25 29 46 49 76 85 100 107
3 5 28 42 50 58 79 111 112 119 120 137 149
4 6 9 26 50 74 75 84 90 99 118
23 62 80 95 125 128 131
8 11 14 31 34 47 56 91 117 125
22 51 75 78 106 136 146
1 36 68 100 102 116 148
7 35 37 46 49 50 58 96 105 135 142
2 16 50 60 63 76 119 130 141 144
21 29 53 65 110 149
21 36 51 65 107 127 139
34 36 74 76 78 83 91 103 104 139
11 16 22 55 61 65 77 92 94 115 128 134 140
7 12 41 57 63 70 71 81 82 97 114 120 142
10 32 42 64 102 143 148
7 38 45 46 71 119 125 144
0 2 7 18 25 79 83 97 115 141
23 39 46 94 129 131 137
10 14 43 72 126 130 141
37 71 118 124 130 137 139 142 148 149
3 10 14 21 34 54 83 85 94 105 111 126 135
22 37 42 83 89 90 93 97 121 132
27 32 38 52 63 69 87 94 127 135 147
1 2 15 16 20 26 50 77 79 103 105 108 118
60 91 97 116 130 139
10 15 35 57 59 95 115
13 28 29 52 67 74 85 87 107 126 142 146 147
10 18 40 59 61 69 72 102 135 140
31 48 87 112 125 135
16 29 32 41 50 63 64 76 100 112 121 137 139
27 36 45 47 61 82 89 105 112 138
1 7 24 49 52 77 86 101
54 59 60 79 109 118 119 149
15 27 61 66 82 92 95 98 108 125 129 130 136
22 71 93 97 102 110 123
28 40 41 44 61 64 72 89 137
2 11 12 21 27 38 46 67 87 126
46 61 79 80 82 83 91 96 106 117 120
9 65 76 95 97 113 114 132 147
43 58 131 137 138 139 140 142
26 37 53 69 78 94 108 116 120 132 136
4 27 32 34 62 64 75 94 107 117 136
11 37 41 44 60 76 77 110 111 116 121 139 145
12 13 20 25 36 64 66 81 86 126 129 147 148
7 16 21 49 54 69 72 81 82 113 128 129
8 26 35 41 58 103 149
0 12 28 40 73 77 82 106 108 132
11 20 22 59 83 92 147
3 18 26 29 68 72 78 84 88 90 91 124 139
12 22 30 44 50 67 76 83 111 112 131 137
28 32 36 61 72 102 105 109 115 124 135 144
4 11 20 21 43 44 48 56 71 75 91 114 146
44 70 88 92 109 114
0 12 22 45 53 54 61 67 73 102 110 121 143
12 57 75 80 90 127 140
0 10 17 30 37 110 111 140
31 43 81 115 136 142
47 68 93 113 114 117 137
16 38 45 46 47 49 69 74 79 113 114 116 125
20 43 52 67 88 91 97 99 118 135
13 19 50 67 112 125 137 138
10 31 42 87 108 119 122 125
59 75 77 105 108 116 132 136 148
30 31 40 46 60 65 75 80 87 99 133 135 138
0 4 13 31 32 33 47 53 65 68 80 142 146
6 7 14 21 71 74 80 104 110 115 140 147
20 35 59 96 127 132
17 28 63 73 75 120 142 145 146
0 4 16 29 31 39 80 89 100 114
1 29 32 38 44 45 64 133 148
2 10 27 43 46 61 106 108
31 35 42 65 67 73 120 128 130
9 14 19 57 75 103 127 131 138 142
9 51 56 70 76 84 104 105 106 123 126 141 143
6 13 35 47 62 85 88 103 144
8 16 32 38 41 57 61 62 68 118 130
19 23 29 37 64 67 70 83 96 108 118 120
19 29 34 36 38 93 95 118 130 139 147
17 37 52 59 73 99 100 116 119 127 128 131 142
46 74 111 131 134 140
2 27 46 80 85 120 133
0 2 20 32 33 45 70 115
15 18 21 36 50 64 96 118 121 133 143 148
27 48 68 72 75 76 92 95 117 123 145
1 9 19 50 88 116 119 137 141
16 62 71 80 99 127 130
22 27 40 46 54 86 103 123 126 138
7 38 50 54 55 86 113 139
11 17 23 31 65 76 78 94 98 124
9 32 34 46 49 55 70 77 82 93 115 120 134
2 7 55 74 78 93 95 98 107 125
34 35 37 50 53 109 121
9 11 29 57 88 95 105 126
9 15 47 60 98 101 105 121 125
10 13 23 35 46 79 81 102 112 126 128 140
11 13 25 35 75 112 124 132 137
22 29 40 55 115 118 128 130 145
15 25 33 48 51 66 67 74 88 108 109 126 135
23 26 33 42 50 52 95 120
9 16 30 66 68 72 92 100 106 108 116 121
12 17 36 38 43 54 66 73 85 114 117 129 135
11 12 64 92 130 132
12 22 44 49 74 90 101 111 118
17 25 42 45 49 55 59 73 98 126 130 148
11 38 54 81 83 113 127
26 36 41 47 73 103 117 128
21 24 29 34 37 46 71 72 88 121 138 143
16 35 66 94 99 132 137
5 7 41 51 59 75 77 91 103 113 147
19 45 56 60 69 70 79 86 144 147
19 25 33 68 123 128 131 141 144
3 21 36 53 80 97 99 112 138
5 21 24 52 67 77 130 132 149
0 58 73 76 91 96 110 115 118 128 149
21 59 61 68 81 95 105 124
32 76 101 103 111 117
8 9 34 49 71 97 127
2 23 41 42 114 137 145
1 30 39 44 49 69 91 106 109 117 118 131 144
0 6 25 31 56 66 78 82 89
1 16 26 40 48 101 106 136 143
33 44 53 78 87 93 117 145 147 148
13 43 44 49 68 77 102 115 117 124 126 132 141
9 21 26 38 45 94 100 112 128 139
2 13 27 38 39 46 55 64 79 120 136
10 24 79 101 108 114 120 138
46 65 70 71 116 134 138 140 141 147
6 11 51 80 87 90 106
0 1 18 34 79 113 119 125 130 131 132 147
19 42 57 88 90 100
12 22 60 64 87 92
9 21 39 43 55 77 78 87 93 105 117 119 126
0 11 40 74 76 80 140 149
6 8 11 19 24 35 41 92 95 96 149
2 17 24 31 60 76 79 92 113 116 129 135
22 28 47 50 63 83 116
23 29 45 100 103 118 130 139 140
21 62 69 92 105 135
0 7 10 39 45 82 115 117 123 147
17 20 26 31 37 79 93 95 145
3 38 41 42 61 73 86 93 99 103 112
10 23 31 56 58 69 98 124
12 22 67 81 88 95 98 106 122 124
29 51 91 107 122 146
40 46 61 73 79 86 97 101 121 122 125 136
4 7 13 32 40 41 78 95 100 104 118 124 127
7 47 97 102 121 138 148
26 50 56 66 88 108 143
9 40 43 82 108 111 147
10 11 17 44 47 68 80 106 115 149
41 50 62 70 98 109 112 137
4 5 21 27 31 68 80 147
44 58 63 67 71 91 92 95 114 123 140
7 48 50 76 112 122 127
11 44 62 68 81 92 149
3 25 67 101 104 105 134 144 145
18 55 69 79 90 98 102 118 127 135 146 149
11 37 65 69 74 76 82 86 121 127 130 134
3 5 17 46 83 108 140
10 30 53 62 68 82 116 138
5 16 18 44 62 67 71 93 99 125 132 149
10 14 36 54 60 84 98 109 139
8 24 39 48 52 66 90 91 113 116 130 134
9 21 22 32 50 56 97 108 110 115
4 27 80 91 96 123
5 13 26 44 97 106 107 108 112 131 134 139 145
44 47 61 65 96 110 116 117
26 37 48 88 91 94 121 124 127 141 147
33 69 92 109 118 125 144 148
24 26 28 56 61 66 80 108 115 147
43 63 88 95 116 120 124
16 30 34 48 54 87 118 121 122 144
11 16 63 100 127 141
4 14 40 46 47 66 92 97 103 116 138 141 143
10 32 67 101 118 138 145
23 28 36 41 58 64 78 81 105 110 119 124
3 12 55 87 90 114 123
11 13 15 22 30 31 46 123 125 131 142 144
9 12 14 16 36 53 85 86 87 91 114 131 141
34 57 68 69 73 88 100 110 149
47 102 111 122 133 138
13 45 60 66 71 80 90 97 119 126
9 12 43 66 88 100 132 146
0 17 18 28 74 79 89 91 94 138
7 8 24 55 62 78 93 101 126 135
11 21 22 25 31 58 78 110 124 135 140
9 23 27 37 41 75 102 139
0 9 49 57 61 62 67 82 90 111 123 147
49 55 57 97 116 123 130
19 44 56 70 97 118 122 124 138 143
6 34 38 52 93 107 113
16 27 38 40 50 73 77 82 108 124 127 129 142
0 38 53 54 95 99 106 130 141
31 39 44 47 52 59 86 95 123 131 147
8 21 29 31 35 81 87 111 127 147 148
23 72 78 85 100 102 108 124 140
8 36 37 47 75 86 105 125 131 139
2 27 67 107 118 120 126 127 129 142 145
1 5 8 29 57 60 79 84 114 140
31 39 43 74 89 123 134 143
35 37 38 78 80 113 117 128
44 69 73 74 95 104 125 128 131
56 60 65 69 79 87 97 106
3 17 20 42 71 133 140
31 56 63 68 71 98 108 128
0 72 75 77 79 82 103 116
19 23 26 32 85 95 99 105 149
20 23 29 33 49 71 75 105 120 125
24 44 57 77 99 104 110 124 127 141
1 28 92 114 127 142
22 24 29 37 48 79 80 93 110 119 126
37 40 83 104 109 110 118 139
48 57 64 102 105 114 120 126 138 140
3 9 21 28 36 51 52 61 86 92 107 140
4 35 38 47 60 117 125 140
4 58 73 79 99 129 134
13 40 49 59 87 93 102 120 126 130 133
10 15 30 33 59 70 125 135 136
4 5 9 57 67 96 115 119 134
8 46 88 94 109 119 126 129
4 32 36 39 50 69 121 139
23 29 68 88 95 113 128 144
6 22 23 40 67 123 135
19 21 28 29 66 70 77 89 95 148
0 20 29 90 99 101 129 130 135
22 31 48 61 74 78 98 100 102 130 140 145 149
1 22 32 35 42 49 69 107 111 117 119 138
11 34 51 57 65 67 71 78 111 119 123 149
1 10 11 34 45 54 58 67 71 105 108 113 119
7 17 37 46 47 66 92 93 98 100 113
19 20 26 44 46 65 85 95 98 108 143
1 9 36 46 73 74 102 109 125 133 135
9 20 43 46 49 57 69 95 98 118 125 127 144
2 32 43 45 85 106 141 143
40 45 47 62 78 83 89 97 106 132
13 17 20 51 69 107 116 136 140 141
17 18 90 92 93 122 129
3 6 14 60 66 80 93 102 127 148
28 33 36 44 54 64 74 92 120 137 140
3 16 30 34 94 100 101 119 136 139
16 19 25 38 70 144
26 29 56 103 106 108 142
8 21 52 57 83 85 116
3 12 24 40 49 68 79 100 101 105 118 134 138
40 51 53 77 103 122
5 14 47 68 72 73 89 120 128 148
3 61 70 91 98 101 107 110 119 126 128 143
10 11 25 34 37 41 48 83 97 110 116 141
1 8 21 28 36 75 105 109
10 17 25 47 70 109 113 149
1 4 16 26 80 119 123 125 128 136 141
21 35 42 43 47 52 65 90 96 116 118 127
0 43 47 50 53 58 99 114 117 124 128
9 53 57 127 130 138
5 22 29 83 89 90 113 141
11 15 18 47 109 128 136 139 142
9 12 13 31 48 54 95 113 125 133 134
5 8 26 59 63 79 149
9 10 14 27 54 79 122 135
48 53 63 69 74 76 119 124
31 84 123 127 132 135
6 28 30 34 39 44 45 55 71 92 105
4 28 46 61 69 91 94 100 110 118 121 146 147
14 18 21 28 44 48 54 61 104 118 132
1 3 45 48 54 79 90 122 130 144
0 20 27 42 61 66 76 92 101 108 118
10 31 74 76 96 100 106
1 17 34 40 64 91 111 118
3 8 18 34 42 48 49 58 128 136
4 14 21 57 60 63 72 132 134
27 34 37 41 74 87 88 93 108
0 1 12 17 21 74 79 129
9 59 84 96 131 145
3 4 5 6 17 31 56 57 62 86 87 103 113
43 49 57 70 91 106 124
6 23 26 28 29 30 67 85 96 97 110 111 116
13 35 39 56 89 92 94 133 136 146 149
6 35 54 59 65 66 78 84 108 120 139 143 148
3 5 35 50 82 96 132 137
26 27 44 46 58 89 100 123 127 129 140 141 145
2 7 34 41 56 65 100 109 131 139 145
6 8 9 12 50 64 70 76 91 97 108 126
6 37 47 97 105 113 114 121 139
11 65 70 73 86 102 108 112 142
2 5 8 20 23 34 35 38 56 75 91 144
2 33 39 68 99 131 142
1 32 40 54 62 67 81 100 115 123 125 128 149
2 24 31 37 42 45 56 65 85 104 105 118 120
3 24 29 33 46 62 73 79 141 148
18 21 87 97 107 120 122 140 141 147
2 22 54 86 91 102 116 117 122 125 130
26 33 45 52 64 117 121
23 29 73 80 87 103
13 23 28 41 46 73 92 107 112 143
25 45 57 59 103 104 135 149
0 46 59 63 66 68 70 83 120 138
2 4 27 28 35 46 110 112 115 129 148
1 29 30 32 69 83 89 94 97 101 149
7 11 12 13 32 56 64 68 91 111 115 123
9 10 34 36 62 67 68 98 106 113 121 144
5 11 28 64 76 84 111
14 16 21 30 55 64 70 89 117 127 140 146 148
12 32 44 77 113 149
18 38 53 77 93 108 129 134 142
20 28 38 39 48 51 64 76 80 84 111 117 145
2 22 39 44 49 53 73 88 108 132 133 145
8 11 17 21 47 120
10 13 14 59 83 86 93 105 130 139
3 14 38 44 71 86 90 92 116 128 142
0 8 21 38 66 75 99 115 122 129 139
10 11 12 30 54 59 76 85 86 113 136 138
23 26 54 68 79 119 143
0 1 6 16 19 45 72 95 131
0 2 5 52 60 79 81 94 95 115 118 120 140
50 59 61 66 70 101 140
22 29 31 33 54 66 115
12 14 27 52 54 74 93 107 117 127 130
3 29 35 48 74 99 120 127 132 134 138 140 145
6 13 27 33 46 48 49 59 60 70 83 115 143
10 35 45 66 70 91 96 122 123 137
57 70 111 118 120 122 123 145
58 74 80 85 122 124
8 21 40 42 53 56 63 88 93 94 108
62 93 95 124 134 143
2 15 27 43 64 77 78 80 88 92 112 132
4 5 67 83 93 108 111 114 115 144 149
21 50 77 81 101 107 121 125 132 136
14 21 23 49 69 75
5 6 12 111 120 134
19 37 48 57 64 92 100 118
9 19 41 53 82 83 130 136 144 147
22 26 33 41 48 59 82 122 147 149
6 9 34 88 97 107 120 148 149
18 25 32 56 57 83 109 119 136 143 146
0 15 21 41 44 75 106 121 136 146
14 23 29 36 38 47 55 56 68 91 122 132 138
13 25 47 71 87 91 92 112 113 131 138 142 149
0 2 21 29 45 46 49 50 56 59
4 26 29 51 58 63 88 91 107 115 140 148
17 24 52 62 69 74 100
10 15 28 64 65 76 78 109 112 128 135 147
40 42 51 56 59 89 90 93 94 98 123 146
25 35 80 111 112 116 122 125 139
12 13 23 26 36 40 45 57 64 77 96 99 110
4 34 40 53 84 109 116
8 17 34 42 54 65 81 85 89 93 98 132 146
22 28 32 37 49 51 89 102 114 126 129 137
12 19 22 40 59 74 75 99 107 108 113 116 117
29 47 55 59 63 88 97 105 126 146
41 44 103 104 122 142 144
13 18 19 35 48 75 81 93 100
6 19 20 35 36 59 87 93 118
12 14 17 22 35 84 88 106 108 119 141 147
9 13 37 47 52 67 80 101 116 125
7 16 29 57 72 74 77 90 112 125 131 140
23 38 49 50 78 91 106 112 118 131 136
36 50 76 94 99 102 137 147
0 1 2 9 29 31 62 91 115 125
25 36 62 78 110 126
0 6 12 25 34 60 62 87 107 111 139
50 73 79 95 118 120 124 127 141 145
21 23 52 64 107 113 133
15 31 54 56 72 85 89 100 104 130 136 145
9 13 67 108 109 114 119 133
64 73 80 93 105 125 137
11 57 58 61 97 110 120 121 131 144
61 71 76 78 91 149
6 15 29 30 52 59 81 133 135
5 34 35 91 95 144
13 43 86 109 116 123 142 148
5 41 44 79 84 93 94
11 12 26 30 54 59 64
14 34 40 47 94 100 121 127
27 30 38 40 41 92 118 120 121 123 133 135
16 20 27 65 77 85 91 122 142
26 31 41 70 114 116 139 140 149
11 29 35 48 51 88 96 133 136 140
10 26 55 82 87 95 110 113 136 138 146 147
43 44 59 67 69 78 80 98 99 102 108
17 26 27 29 35 42 55 65 74 83 95 125
3 12 29 30 40 48 54 82 90 104 114
30 66 71 99 101 106 109 129
6 17 28 59 60 67 85 120 129
1 7 45 64 73 93 98 100 135 146 147
8 37 40 70 83 85 90 99
3 5 22 48 102 121 125
17 38 50 51 55 100 110
1 5 26 54 81 100 120 123
5 34 42 43 54 72 76 85 89 102 135
8 13 20 23 67 75 77 105 117
1 3 19 21 22 33 45 52 53 88 110
2 12 25 33 38 74 79 123
1 3 29 34 75 91 94
7 14 42 90 118 123
11 19 32 36 76 81 88 101 118 133 136 141
16 24 25 32 54 56 60 61 95 116 117 144
7 11 33 76 81 102
1 13 14 27 30 34 58 118 127 135
15 16 23 43 50 69 77 96 116 128
16 33 43 47 61 71 77 87 94 118 123 129 141
0 1 61 116 124 140
1 21 72 84 88 109 113 137 142
26 29 45 51 80 103 113 128
3 41 63 94 107 129 131 142 144
8 37 63 99 121 126 149
12 19 31 33 44 48 88 103 109 119 147 149
7 46 89 97 139 148
20 34 42 88 106 108 110 121 149
1 10 25 31 32 58 62 68 94 107 111 139
67 68 84 96 111 117
8 11 14 17 26 53 99 134 137 140
19 24 57 64 79 86 98 112 120 139 145
6 16 56 104 135 143 146
6 32 34 45 54 57 70 71 93 115 118 130 138
19 47 58 78 88 98 102 120 133
33 38 80 112 135 141
10 11 22 31 46 78 92 96 101 120 127 144 145
2 15 16 47 100 111 120
21 24 80 86 88 90 94 99
10 21 64 65 71 72 76 102 111 120 128 130
16 21 49 75 91 100 106 121 122
3 6 35 82 105 106 110 111 119 134 137
8 37 63 71 74 112 116 129 131 139
0 53 70 75 79 111 118 138 143
12 18 22 27 35 65 69 118 136 145
10 28 45 54 60 68 86 98 112 118 138
1 16 19 23 42 51 59 86 91 99 133 141 144
39 62 69 74 75 79 90 104 121 135 140 141 142
11 22 26 61 69 95 97 140 148
15 20 33 79 102 105 106 111 132 133 145
9 19 40 88 107 128
33 38 44 55 59 72 73 82 96 122 134 142 148
10 68 71 72 87 109 113 115 122
8 63 71 73 111 122 143
53 68 74 95 97 140 149
8 16 52 75 95 97 110 114
5 6 34 42 73 82 84 113
30 50 76 99 107 115 122
10 31 32 42 56 82 120
17 25 28 31 46 53 75 86 93 95 101 141
9 28 44 51 91 96 112 138
25 34 44 61 85 108 109
21 33 51 58 62 67 71 103 105 122 123 126 134
12 13 24 45 52 66 111 137 144
7 27 44 79 81 125 145
8 17 35 44 53 54 58 80 97 100 121 123
36 60 88 100 126 131 143
2 9 11 36 39 46 53 84 115 118 119 134
57 73 88 111 116 129 132 138
6 44 59 75 93 104 120 121 136
10 19 28 57 62 75 84 104 105 130 143 148
1 14 15 34 48 69 94 134 139 147
1 32 49 66 70 82 93 99 149
23 25 33 47 65 70 81 85 112 141
4 24 49 91 106 113 122 123 126 133 135 137 144
0 7 23 41 91 95 123
6 8 35 41 90 93 133 145
11 24 25 29 34 75 82 86 111 139
18 27 41 58 61 95 98 107 123 143 149
13 24 43 50 92 110 116 122 140
14 18 43 62 65 66 70 72 77 114 136
84 85 93 108 130 147
5 22 45 74 75 125 142 143 148
14 18 31 56 82 87 90 95 114 117 132
12 36 63 73 81 130 132 141
21 47 50 86 88 90 93 104 111 122 139
4 5 29 40 53 59 62 64 67 115 137
14 48 61 63 80 97 113 119 131 144
32 34 78 82 90 99 105 118 133 137 142
21 34 48 60 71 147
2 17 52 76 82 93 103 122 127 131 140
18 34 47 64 80 84 95 103 105 112 114 147
38 43 46 69 78 86 126
14 38 57 65 67 78 82 92 103 115 121 125 142
9 37 57 92 100 140
13 32 47 70 74 76 79 82 84 118 124 134 149
23 24 50 51 59 140
6 54 58 70 82 97 134 136 144
36 60 71 73 103 125 146
2 15 31 35 54 83 84 103 149
39 48 58 59 68 79 84 99 101 112 128 142 145
49 65 68 91 101 111 116
5 6 8 27 45 59 70 94 119 134 136
0 7 38 47 53 61 73 86 97 125 128 130
5 20 43 69 98 99 107 132 142
15 29 58 73 119 123 133 146
9 11 14 27 79 80 87 96 100 101 118 132 142
3 14 27 35 48 55 109 113 117 124 126 138
1 15 27 55 87 116 145
26 34 40 41 52 57 68 76 79 88 106 134 144
21 42 53 75 85 142
6 9 62 68 95 106 109 123 127 136 143
1 27 29 53 67 69 71 76 77 82 106
19 70 77 90 106 129 142
16 37 67 68 112 118 124 128 144 145
20 27 64 66 72 78 81 83 84 103 109 138 144
5 10 13 20 59 68 75 77 97 116 141 147
6 20 22 27 33 39 46 91 97 118 123
3 41 73 74 86 100 104 122 126 134
17 46 47 68 90 100 106 110 116 127
0 18 27 88 90 91 113 117 133 139 147
6 45 119 135 140 149
4 48 57 73 99 105 113 125 126 127 135
1 38 64 85 116 122 127 133
4 5 50 71 88 111 115 121 125 133
2 18 27 39 51 57 87 93 104 107 113 138 142
26 35 59 63 65 92 95 124
13 33 43 46 84 110 125 132 134
24 67 81 91 94 113
34 53 62 81 83 95 118 127
9 11 30 50 69 72 76 82 107 112 117 131
2 14 39 50 57 59 72 78 119 121 131
34 40 51 56 90 101 102
5 26 50 65 93 99 105 120
4 19 39 44 59 65 70 82 88 124 142
15 17 25 48 61 73 90 97 104 143
1 14 18 34 56 57 65 71 81 99 114 115 131
15 41 67 118 125 132
1 7 14 26 37 54 110 111 125 136 139
13 20 22 58 68 72 73 78 135 142 147
4 9 10 15 17 33 51 62 69 138 139 147
2 19 29 35 44 49 51 54 115 122 128
7 32 41 45 73 114 126 143 149
21 29 32 44 63 80 89 123 136 143
22 36 40 48 101 109
5 12 16 18 32 42 98 106 111 127 136 146
34 76 81 90 113 133
30 52 53 55 67 82 100 107 123 146
7 36 45 48 55 141
18 20 23 25 38 58 61 84 110 111 121 132
15 28 38 44 49 81 85 100 118 139 144 149
8 17 19 21 25 37 48 144
9 33 39 43 58 80 123 143 146
19 22 52 58 94 102 107 121 123 124 142 144
2 26 33 46 55 68 70 78 88 90 97 131 146
15 26 60 63 69 81 85 103 107 135 137 139
6 11 21 34 80 91 106 114 140
13 29 37 84 93 97 99 106 110 117 134 146
19 50 76 81 99 119 137 143
16 33 80 84 109 129 132 135 147
7 28 29 31 98 108 111 117 148
26 32 55 75 94 95 97 144
4 39 62 86 95 107 125 149
5 22 24 43 50 90 101 110 129 135
14 17 59 60 105 149
7 11 31 35 53 56 69 121 127 128 130 139
51 54 61 86 89 91 93 111 135
17 35 48 69 75 134 142
13 16 19 27 31 37 38 78 117 141 145
16 32 58 82 91 92 115 125
48 88 125 129 131 132 147
37 57 90 111 121 139 143
3 11 21 57 73 86 93 108 119
3 8 19 28 45 65 92 106 117 121 130 142 145
0 9 18 37 103 121 131
46 84 95 108 118 122 138 141
10 13 22 43 46 48 53 62 96 112
0 1 39 52 68 81 105 113 116 124 129
1 8 18 34 56 112
7 31 52 58 65 118
0 21 42 61 89 119 140 146
12 13 45 47 57 60 74 91 105 113 129 141
14 23 30 67 96 112 135 138
