32 41 47 54 61 131 149
10 26 34 52 88 131 139 149
4 8 30 53 113 124 127 136
24 26 30 35 36 80 83 86 103 108 117 138 144
4 5 12 17 30 33 42 47 53 58 95 117 134
7 14 52 56 65 91 105 137 145
0 7 24 29 31 35 51 81 102 107 112 118 142
65 87 111 114 131 134
41 58 64 65 79 87 96 108 137 139 148
28 44 46 58 65 70 78 83 116
39 42 47 58 61 65 77 80 95 123 140
15 22 23 29 45 52 53 68 94 121
9 23 41 67 70 80 130
12 23 24 28 34 35 92 97 116 130 143
0 5 18 45 61 70 75 82 94 112 122 136
3 51 72 73 74 102 110 122 135 149
8 28 59 62 103 136
2 25 33 54 61 84 103 114 126 135 144 145
37 38 51 53 57 80 95 98 99 100 117 123 142
11 17 36 47 88 144
44 58 64 73 78 101 105 112 125 129 131 148
5 7 9 34 39 76 89 105 111 119 132
19 36 39 45 56 58 82 87 98 113
29 77 114 124 137 143
29 54 65 92 93 99 122
10 22 40 47 59 68 70 80 98 115 126 134 135
32 42 69 76 81 82 103 113 122 145
3 14 15 40 67 83 102 135
0 13 33 63 130 131 136
2 4 20 27 59 62 89 98 103 122
7 16 21 35 88 106 122 133
19 29 61 68 69 84 120 124 144 148
22 26 40 57 59 63 81 103
2 17 21 88 94 98 106 110 140 148
29 39 40 41 47 48 110 124 138
50 88 93 94 99 107 123 124
15 20 23 51 65 109 110 118 128 138
47 52 78 87 99 100 114 115 120 129 130
6 8 13 36 53 61 72 112 115
3 5 24 25 27 63 65 75 79 80 91 100 142
7 28 35 89 95 123 147
0 1 28 86 89 93 95 97 100 104 111 131
2 34 36 43 57 95 109 112 117 132
3 23 30 42 66 75 94 95 100 124 136
7 15 38 52 72 84 91 127 139
6 8 17 61 87 91 99 116 127 145 149
33 60 64 78 79 97
8 16 56 60 70 121 143
46 54 67 71 72 78 96 126 133 149
34 50 59 66 109 131
0 39 49 57 71 90 106 137 138
7 18 31 52 65 80 84 94 121 125 127 135
2 13 27 109 121 147
51 53 55 56 67 69 86 93 120
12 28 38 51 94 98 101 108 109 110 129 134
2 7 41 46 52 71 77 116 124 133 144 145 146
11 16 24 27 45 64 66 74 104 119
17 24 49 53 89 97 121 139 145
4 15 17 32 36 62 63 66 69 77 91 97 110
12 13 19 33 43 44 45 52 66 79 92 124 138
32 49 55 79 92 111 117
0 9 20 26 63 78
14 28 36 75 76 91 98 109 144 145
21 51 61 74 85 93 117 120 127 140 145 147
36 43 47 62 70 88 94 102 106 112 120 128 131
3 22 64 71 80 98 102 114 129 137
32 49 91 120 123 144
0 3 40 56 68 137 140
7 8 26 29 30 33 35 49 60 89 139
14 29 32 47 55 112 121 122 126
13 27 62 63 66 88 92 94 99 100 131
0 15 59 61 77 105 108
6 15 19 34 55 58 81 95 108 111 128 134
10 14 19 34 51 52 83 139 144
27 55 56 62 70 83 100 106 126 141 143
36 48 53 55 76 97 111 144 146
26 28 42 45 49 52 69 73 149
11 14 34 45 71 86 110 114 116 117 123 129 135
9 32 33 50 58 68 95 112 144
3 15 40 71 73 79 88 128 129
32 35 63 68 70 71 86 106 124 130
9 10 40 52 55 56 92 107
43 50 66 84 85 87 137
16 25 47 52 94 123 137
24 59 62 85 86 93 137
9 24 42 45 63 64 66 79 80 82 90 99 131
9 18 48 52 55 59 71 83 94 100 132 138 139
0 5 52 69 70 79 81 85 122 130 132 141
9 33 37 51 105 109 136 141
58 95 114 122 124 135 138
45 59 61 64 82 84 85 121 148
14 24 28 34 36 71 81 87 90 102 135 145 146
10 19 45 79 81 94 105 121 134
13 15 38 72 77 104 144 149
6 12 20 26 30 34 60 63 64 91 126 137
2 11 54 65 66 72 86 92 94 95 128
10 15 22 26 34 42 54 57 93 106 113 129
0 12 32 56 61 97 129 139 144
12 39 47 63 75 116 117 118
36 41 48 80 97 109
5 13 20 54 56 95 96 101 104 109
17 19 125 129 140 141
6 8 36 91 100 102 108
1 4 12 13 48 64 68 70 77 78 117 138 139
9 17 19 21 47 68 88 112 135 149
1 2 5 33 34 36 54 62 71 141
2 4 5 51 86 106 107
8 34 39 71 74 93 119 120 131 132 133 143
7 18 23 38 43 71 94 95 103 109 112 137 144
21 31 39 42 73 80 133 141
47 80 87 101 126 149
4 17 72 78 84 88 92 121 138 139 146
3 6 34 46 88 89 106 114 120 143
4 8 21 42 73 81 104 111 122 126
8 11 12 13 34 44 46 64 95 113 128 131 148
1 7 29 35 67 73 76 93 128 136
7 17 31 73 87 111
14 33 43 46 48 84 89 127 138 140
7 13 44 49 56 57 98 102 103 130
21 61 70 112 131 137 140
3 23 28 34 37 38 53 72 84 102 117 142 145
3 9 33 39 45 48 66 113 123 141 147
6 16 19 25 43 61 85 95 103 105 125 138 144
8 38 56 59 73 78 82 102 134
1 23 24 25 51 68 69 115 123 125 136
39 47 49 52 66 79 100 111 116 147
0 66 78 93 110 128 137
14 21 22 30 45 54 81 100 106 111
12 20 22 23 28 40 45 89 105 112 124 139 148
7 13 46 133 144 149
19 39 41 44 66 79 80 110 148
5 13 14 50 70 75 90 97 102 113 125 135 139
8 64 66 69 109 122
12 17 42 49 89 119
5 8 65 68 69 70 80 83 87 112 132 135
0 2 12 22 59 75 86 91 127 130
16 17 22 73 111 119 123
13 15 48 49 66 76 136 149
6 24 64 70 78 94 111
7 30 37 115 126 140
51 63 72 75 82 84 89 101 106 115 136 139 143
5 61 85 97 132 136 138 143 144 149
22 37 56 61 94 95 105 117
22 29 43 51 80 102 111 113 118 119 136
1 2 3 16 29 36 47 70 93 105 117 121 134
4 12 17 18 24 27 36 60 61 73 95 101 115
36 58 84 95 99 116 117 125
14 18 25 66 93 112 118 124 129 134 144 146
15 28 31 69 72 88 104
12 15 20 35 43 47 50 69 71 92 112 142
1 23 32 36 46 84 90 101 111 130 135
23 27 53 54 56 111
3 26 44 48 51 77 91
14 32 37 62 74 87 114 145
16 20 37 39 45 97 122 147
19 24 25 32 62 88 120 130 139
2 3 4 13 22 33 54 75 102 111 114 120
37 48 84 111 116 122 149
1 48 76 97 106 115 126
9 17 37 49 90 97 117
33 53 72 81 104 144
8 20 24 61 63 75 82 84 99 100 119
2 10 12 27 74 119
2 30 59 78 84 93 104 111 119 124
7 17 37 46 79 91 112 138 146
1 20 23 47 86 100 104 126 131 137 138
15 16 28 39 58 73 86 117 118 122 130 138
8 14 69 105 120 139 141
1 8 17 27 53 56 66 77 82 99 100 124
9 13 32 51 59 90 104 138
9 13 28 44 54 64 76 104 123 124 148
8 35 48 49 76 89 118 124 137
6 45 54 84 88 98 112 126 142
17 23 26 27 32 76 87 99 100 104 120 126 137
14 29 94 98 102 109 131
1 34 63 65 86 107 124 128
7 10 99 114 143 146
18 19 26 56 68 69 94 107 117 133 140
62 81 84 108 110 113 146
15 26 68 82 93 105
8 10 13 34 71 77 90 92 100
2 4 5 14 19 24 65 92 95 98 119 121
2 12 21 54 58 67 99 103 108 120 141 142 146
8 25 32 34 41 43 62 63 94 112
3 7 14 41 42 127 138
19 58 71 73 77 83 97 121 135
8 14 22 38 55 70 89 93 103 115 131 142 145
5 24 40 64 65 93
29 30 31 34 77 114 129 145
10 22 47 48 53 59 126 139 143
8 24 72 76 88 95 129 132
48 65 90 100 122 129 148
29 38 42 43 70 73 74 81 90 105 122 134 143
9 38 46 64 78 84 86 106 114 131 141
8 23 43 96 126 129
46 60 69 73 74 83 98 106 149
45 52 73 87 118 128
13 37 53 61 62 78 88 95 102 104
3 4 13 53 78 79 98 105 135 138 147
3 32 34 47 55 57 83 109 117 127 142
0 3 38 48 52 61 83 86 92 98 129 142
12 20 26 33 43 70 90 103 109 110 144
3 15 29 51 74 86 100 102 134
8 51 74 84 121 131
5 34 38 86 120 138 146
2 29 31 59 78 96 98 102 117 127 129 140
54 64 66 80 129 144
6 9 23 39 58 64 81 115 119 124 136
0 13 44 59 64 67 82 83 99 103 112 118 127
5 14 20 43 63 96 102 113 127 149
14 16 27 41 48 79 84 91 97 99 137
3 6 17 23 38 51 55 88 137 147
22 31 35 38 113 135
30 69 71 82 123 126
10 14 33 59 105 115 144 145
20 42 48 116 121 149
0 41 44 74 94 96 115 124 125 138
6 7 47 58 61 107 118 123 133
2 23 34 45 91 112 123 131
41 46 51 82 88 120 125 127
17 27 40 55 63 73 82 86 114 125 129 142 143
12 36 56 87 133 147
12 17 54 55 56 59 67 88 100 141 144 145
37 41 46 70 81 125 128
0 5 32 47 67 84 117
35 37 73 112 123 135
26 37 41 44 61 64 91 108 110
4 17 28 53 68 121 127 132 135
3 28 72 93 119 123 140
12 16 40 56 66 92 95 101 108 145 148
10 37 43 52 63 84 92 94 109 129
12 21 22 67 101 111 114 134 139
12 20 33 60 64 68 89 127
0 13 14 57 86 87 91 122
4 6 18 111 112 115
17 31 48 52 68 74 103 112
28 36 64 69 100 101 107 123 136 141
6 7 32 37 48 148
17 21 22 25 28 41 105 108 121 130 139
11 37 111 120 130 145
44 47 57 68 75 100 101 125 126
7 23 33 41 61 93 128 129 138
34 49 54 103 105 130
81 90 92 107 138 142 143
4 5 52 59 66 88 129 138
8 62 88 109 114 122 127 132 146
3 19 24 33 35 65 66 68 82 108 146
16 32 33 39 52 55 60 89 114 128 136
3 8 20 28 51 68 92 98 109 113 116 125 147
27 36 51 53 58 70 77 84 110 134 138 140
1 11 12 46 63 69 88 111 125 134
8 11 27 51 52 81 96 110 129 130 133 146
1 3 59 64 71 73 121 125
1 58 79 80 90 101 113 127
32 38 57 91 106 129 135 147
19 32 36 74 88 90 94 120
15 16 32 33 46 73 82 125 127 129 137 142
2 26 39 61 84 96 101 143
2 18 36 38 58 69 74 75 76 85 101 120 130
3 24 41 54 121 137 145 148
7 25 30 42 66 67 85 92 93 101 107 127 137
17 22 33 78 80 94 106 115 126 140 142 149
9 33 46 59 65 70 76 87 90 113 120 128
9 11 21 24 25 30 42 44 56 85 117 124
13 43 44 59 69 95 103 106 132 140 144
3 15 26 32 36 58 66 75 78 83 120 137
0 55 58 73 108 112 127
2 4 14 15 32 58 93 102 111 122
0 25 30 73 82 98 120 121
4 14 21 48 77 78 95 141
28 50 54 57 71 74 97 98 145
21 26 41 42 53 70 72 85 96 101 105 110 137
0 4 8 70 76 95 104 108 124 126 142
64 65 72 104 120 121 133
9 27 30 33 75 96 100 103 114 138
11 22 33 38 41 44 66 79 85 90 98 105
17 27 33 79 83 88 104 106
6 21 23 29 32 42 44 81 86 101 123 127 136
21 32 35 39 59 64 70 81 93 106 113 135 144
7 24 45 50 93 129 133 148
53 61 69 70 77 83 102 105 128 144 149
31 33 36 91 110 122
21 29 30 31 73 103 104 105 124 128
27 38 73 78 96 120 139
0 14 35 60 66 100 114 116 132
24 30 36 58 71 84 86 111 125 132 141
4 28 55 69 74 104 110 113 118 119 126 144
25 41 48 55 60 62 79 80 86 92 109 114 133
20 21 24 50 51 61 79 83 90 96 102 105 114
25 46 49 60 69 74 109 117
0 30 36 56 57 66 101 113 118
10 30 34 46 59 63
24 69 71 73 87 94 95 109 131 134
2 15 26 57 120 139
21 25 49 56 81 88 94 96 103 106 109 140 145
13 29 73 88 112 135
17 32 59 93 109 120 123 124 130 149
1 4 12 13 37 51 76 114 147
7 8 46 61 65 83 89 138 141
2 29 37 40 74 102 111 118 127 132 134
7 32 36 47 53 61 63 80 89 97 102 125
11 14 41 43 77 83 106 123 124 130
12 33 41 46 48 66 76 77 87 89 118 133
4 15 20 50 58 60 89 93 100 102 111 119 143
5 21 57 73 93 110 120
35 70 72 91 99 101 113 128 130 149
21 24 63 89 106 125 126 133 148
13 30 56 66 93 116 136 146
1 13 29 54 58 93 94 121 139 148
0 19 40 53 100 106 107 124 144
1 25 58 69 74 89 93 108 130
29 36 38 60 63 94 117 126 140 146
50 58 64 92 99 117 134 137 149
16 17 52 86 99 113 130 133 144
11 28 63 73 74 78 96 108 114 132
0 76 93 95 109 111 114 115 119 121 122 131 133
8 10 18 25 83 94 96 113 122 125 132 147
26 47 49 68 84 91 109
14 19 38 39 62 64 71 100 109 118 121 133
33 38 49 52 66 88 91 101 106 138 139
1 12 16 35 72 74 77 83 87 102 103 109 146
19 28 30 56 65 76 81 102 106 123 145 147
0 19 82 92 96 113 116 122 139 144
3 23 27 60 106 109 115 128
14 45 66 94 105 129 146
1 16 29 40 43 51 63 91 93 103 106
16 23 30 34 36 44 56 60 64 94 98 123 135
0 17 26 32 47 71 72 85 103 104 118 145
11 16 46 50 54 57 85 95 116 120 143
6 10 63 98 103 114 122 129
14 27 30 32 37 68 75 85 109 116 123 126 144
5 24 35 36 44 61 72 82 87 100 114 135
7 11 30 64 85 136
24 25 42 45 46 48 58 73 130
36 84 89 92 128 130 138
19 20 45 56 66 71 78 102 114 118 140 146
4 14 20 40 96 114
17 39 58 61 72 126 129 134 142
4 13 18 28 29 30 31 36 113 130 131 149
7 25 27 54 65 99 110
38 51 54 90 91 132 133 140
2 3 41 62 63 71 79 91 97 102 137 140 145
14 19 40 57 65 79 104 134 140 141
12 14 15 26 31 53 60 63 67 98 112 144
25 48 51 63 66 67 89 100 117 129 136 143
16 19 20 22 31 33 35 57 79 106 131 135 141
16 28 35 53 70 76 77 95 103 116 132 137
6 53 67 73 74 86 91 103 107 110 115 117 128
3 12 18 39 45 58 69 136 141 142
2 46 73 130 134 136 146 149
2 9 15 81 107 113 121 124 143
9 40 45 59 71 73 87 93 126
5 8 23 26 33 50 74 85 86 95 117 124
20 30 36 106 131 136
25 27 32 60 68 88 115 128 142 146
52 54 63 74 89 92 115 140
2 8 17 21 26 29 39 41 42 64 77 138 145
16 19 24 27 65 68 81 104 111 113 124 131
9 12 15 17 65 82 88 100 123
8 13 29 37 74 97 101 112 132
3 8 20 24 29 56 60 97 105 113 119
3 16 37 44 62 69 75 84 93 113 116 126
13 26 39 53 63 64 66 77 85 139 145
1 7 35 99 103 125
29 66 83 99 100 108 109 141 144
4 29 46 69 84 90 91 108 120 127 145 146 148
13 70 83 111 135 137
38 53 71 73 87 118 137
5 52 55 72 79 80 83 108 123 149
8 11 23 37 63 74 87 97 100 115 117 122
15 34 45 47 60 93 102 118 143 146
0 9 13 21 27 31 38 66 75 82 87 144
14 16 33 46 55 81 82 113 124 127 138 148
22 33 36 62 76 97 105 112 123 127 137 145 146
19 22 50 62 79 83 102 103 123
2 4 48 64 100 117 148
14 19 39 47 48 51 55 57 66 98 99 133
8 45 50 52 80 93 99 116
30 62 96 101 104 123 141
31 40 56 87 90 105 113 127 138
10 38 57 97 122 148
9 23 29 37 40 59 60 69 72 119 142 144 149
12 38 39 43 57 70 77 116 146
49 66 79 96 102 104 118 142
3 10 24 26 77 85 87 91 111 131
3 9 37 50 57 60 63 72 76 92 114 129 149
4 5 9 37 80 92 120 138
36 41 82 94 104 106
0 73 92 98 108 121
12 22 28 59 75 103
15 31 52 54 102 110 124
37 50 53 57 76 106 120 123 138 142
4 9 10 40 50 81 98 105 110 111 128 134
7 22 32 56 59 63 75 89 108 112 120 138
14 22 29 68 70 117 142 146
22 30 57 74 75 112 117
5 13 25 30 37 42 65 70 126
8 19 32 37 63 75 91 137 141
10 29 50 54 57 86 109 115 125 127 136 139 145
14 48 65 71 91 95 130 134 149
23 28 37 45 49 63 76 105 133 137 144
21 43 48 61 76 88 95 128 143 147
5 11 47 52 53 84 94 118 124 125 137 148
37 49 56 58 59 82 118 127 141 149
31 44 57 75 78 87 91 94 114 115 117 129 139
9 44 48 71 76 85 93 101 134 141 146
10 15 17 76 110 134 136 139
7 20 22 66 71 124
12 13 16 26 37 43 46 65 113 114 122 125 126
3 28 48 49 57 92 106 113 124 130 131 135 142
0 27 51 59 61 66 68 85 87 127 135 144
12 20 25 36 57 59 65 101 115 121 132 138
32 68 95 109 129 141
3 9 13 30 40 43 95 104 107 141
1 15 18 80 98 137 139
16 17 22 31 36 45 54 56 72 77 96 129 132
20 27 41 92 125 129 131
2 30 59 62 100 105 147
24 32 58 88 92 99 118 129 143
19 20 21 30 35 49 67 72 74 100 102 120 130
10 25 56 91 92 102 104 135
1 2 11 12 16 33 86 88
8 24 36 67 70 72 86 92 97 110 127 136 141
1 3 5 17 25 26 30 49 54 66 75 118
9 27 32 50 106 123 137
9 16 20 26 44 46 48 63 91 113 145
18 23 44 54 91 95 103 148
15 42 43 50 59 93 96 125 138 143
6 11 37 82 83 116 120 138 140
29 32 85 88 103 112 115
2 58 74 76 85 95 102 135 140 141
3 4 11 22 29 45 51 58 61 90 147 148
15 20 29 46 55 116 120
3 7 29 67 69 87 107 108 122 127 143
10 11 16 31 39 82 93 95 104 111
9 40 66 69 78 79 80 83 141
10 40 63 82 88 104 139
22 27 82 89 91 122
0 46 51 56 72 78 90 124 127
0 27 45 110 117 121 123 141
21 69 72 117 128 129
4 11 24 41 79 85 108 137
1 24 25 34 44 46 66 81 101 104 132
51 55 86 89 106 107
11 24 25 97 105 107 120 123
12 43 58 64 68 71 76 80 86 96 129 147 148
44 49 64 65 72 94 145
7 11 32 33 37 43 47 60 70 74 75 84 125
6 19 42 57 63 69 73 78 79 111 115 129 149
3 32 45 50 73 86 91 93 96 117 118 127 135
34 40 74 117 134 139
1 12 18 32 36 73 82 86 89 99 108 109 116
13 27 52 60 115 127
13 27 38 39 52 65 82 87 89 92 115
3 26 44 49 67 69 81 110 124 132 134
0 15 63 78 103 117 125 146
7 18 30 39 49 70 93 98 117 126 127
0 30 37 58 119 135 139 142
17 18 32 46 128 135
22 23 27 30 31 40 43 47 51 105 135
27 50 63 69 72 83 91 94 110 112 121 144
25 27 31 55 89 94 103 116 117 133 146
33 44 62 83 135 147
11 21 41 50 54 74 104 121 129 139
0 30 34 39 46 48 58 115 148
10 24 35 53 85 93 104 116 124 129 131 140 148
4 11 17 22 31 127
4 46 71 100 112 117 124 128
6 13 16 55 69 71 72 78 83 92 100 131 137
1 15 22 36 53 70 78 91 94 123
3 11 37 66 77 101 118 127 141 145
10 17 23 54 64 75 79 89 99 103 113 130 131
13 23 24 31 45 71 91 123 125 129 145
12 19 25 72 80 105 129 130 139 141 149
9 34 35 41 62 67 93 104 114
5 22 35 50 62 83 90 93 101 111 134 140
7 10 31 54 60 69 112 142
9 10 48 53 103 124 126 146
13 23 26 28 37 63 70 72 107 122
23 48 65 69 78 79 93 122
35 48 52 64 65 66 81 85 92 104 132 142
30 36 73 77 83 105 121 131 134 137 138
72 76 87 100 102 103 110 120 125
5 10 13 14 32 47 49 63 99 102 126 130
32 61 63 122 136 137 141
8 15 37 47 82 84 85 87 105 145 149
7 25 47 70 125 127
17 42 93 101 103 104 126 131 138
2 10 13 18 52 55 75 106 111
0 16 36 41 47 94 114 115 124 127 136 139 140
14 25 54 69 82 83 87 89 143 146
4 22 28 50 58 72 75 106 131 137
20 33 47 50 59 61 73 85 87 102 114 136 140
31 52 60 64 79 82
12 17 30 31 34 40 57 77 78 79 92 112 149
11 45 63 87 91 97 120 137
8 29 38 71 127 140
15 45 72 85 88 127 136
16 38 67 92 102 106 124
1 7 45 46 84 96 143
0 13 20 25 44 53 75 77 91 128 129 131
15 26 42 91 122 128 135
1 22 56 124 130 140
9 13 41 51 95 110 140
25 27 36 62 79 89 91 142 147
31 78 98 104 105 119 131 138 139
6 32 40 82 95 96 121 133
28 39 63 72 86 107 114 140 141 144 148 149
0 18 19 31 37 46 55 66 72 86 118
8 22 24 45 49 54 76 82 87 98 109 134
2 22 50 55 72 75 103 129 131 136
2 15 26 38 51 72 116 119 135 136 147
4 8 46 50 52 97 128
34 39 60 73 77 94 98 147
24 34 39 41 50 54 61 68 78 103 133 147
5 7 24 63 77 111 130
1 13 16 69 78 80 104 123 125 127 132 141
29 34 35 62 103 115 134
37 46 52 63 71 82 88 101 112 131 133 148
0 1 21 24 77 84 124 130 136
22 43 49 53 75 80 87 93 102 117 123 127 144
30 49 75 84 87 106 114 117
21 28 52 78 101 131
13 20 23 38 44 62 69 79 95 96 122 136
30 38 42 66 128 141
6 19 22 23 27 43 86 96 134 138
17 24 39 47 62 66 75 79 96 98 109 114 130
12 20 42 84 90 100 118 119 123
7 8 23 25 27 43 56 63 76 81 112 135
6 22 29 52 59 71 75 82 92 97 115 146
30 31 34 38 50 74 95 104 108 112 113 143
6 58 75 82 126 149
7 9 35 48 84 110 113
8 29 31 41 89 126 130 144
3 12 17 26 32 54 67 69 100 103 121
9 49 62 82 89 105 137
21 25 38 53 60 82 100 102 106 109 113 123 135
7 12 20 27 28 34 38 110 112 115 139
12 45 62 70 81 85 89 102 108 112 120 129 134
34 36 41 54 56 59 66 108 110 117 138 141 146
9 28 41 45 49 61 71 118 141
7 15 23 24 47 54 63 84 87 137 141
17 21 32 42 61 64 67 69 92 94 110 129 132
47 50 55 94 97 123 144
9 17 67 69 75 94 107 112 124 126
20 28 33 39 45 76 82 145
7 30 108 118 119 132
54 77 91 94 97 113 130
19 42 76 111 119 123
16 19 36 40 51 60 66 88
37 41 57 69 75 104 110
9 30 48 56 58 79 86 95 101 102 126 139 140
9 26 38 49 52 64 67 68 92 129 148
5 16 49 77 105 112 114 129
32 48 51 79 80 84 91 104 113 126 140 149
15 19 24 36 40 49 94 95 147
1 27 28 79 117 125
35 38 40 45 56 92 103
17 62 74 113 128 145
75 92 102 106 121 132
17 20 23 43 52 77 80 93 100 113 119
1 5 26 48 53 55 81 94 103 122 134 135 142
0 21 47 85 90 98 115 120 122 128 133
1 16 20 77 89 116 125 137 144
0 10 27 40 41 54 60 72 95 103 149
37 57 74 78 92 110 117
17 39 52 59 60 62 65 104 133 138
0 61 81 93 118 133
2 13 16 31 65 82 86 109 114 128 133 144
0 6 13 16 48 69 73 88 94 97 98 126 137
10 25 30 37 42 65 92 98 114 119 123 139
31 49 60 70 141 143
32 38 41 56 59 68 72 75 84 112 121
3 18 29 36 58 66 74 87 94 108 109 129
9 12 35 36 37 48 85 87
32 34 38 39 62 66 96 101 114 115 125 128
7 12 28 38 84 144
0 9 22 34 48 130
30 36 49 56 109 121
18 56 57 81 83 89 90 93
2 11 13 16 37 49 64 86 87 94 100 110 112
11 44 57 80 97 100 116
7 21 59 74 87 106 116 127
19 56 61 70 106 109
15 17 46 75 103 109 135 141
14 50 59 64 75 82 110 121 145 148
9 12 15 18 24 46 55 87 97 107 118 125 129
44 52 54 64 100 101 102 108 137
32 107 109 111 119 128 133 135 143 145
32 46 76 80 94 96 102 113 119 124 137 143
37 63 71 74 103 142 148 149
13 44 52 81 110 114 116 119 120 135
0 3 33 37 38 46 57 140
10 19 20 40 55 61 118
14 16 19 32 42 83 131
13 24 36 48 86 112 119 137
4 31 65 71 77 115
4 9 39 53 55 73 75 79 112 124 139 147
7 17 18 21 34 38 48 63 64 72 77 115 143
0 21 26 49 103 106 139
81 87 96 103 109 110 123 131
5 25 27 43 52 88 93
31 62 75 78 86 98 107 149
16 43 49 53 91 102 131
28 58 61 72 104 107 108 112 120
7 19 39 42 101 106 109 113 122
4 18 32 42 49 67 78 106 110 120 121
7 16 23 43 57 82 84 86 100 113 142 149
62 80 94 107 115 119 125 130
5 9 43 47 57 72 79 83 113 135 141 145
15 41 43 47 63 68 69 85 101 127 139
1 5 10 31 34 44 54 63 81 124 134
25 27 30 31 32 66 99 106 107 109 131 144
0 24 34 55 70 82 141
20 22 30 35 57 69 79 87 99 104 112 123 133
37 44 45 78 97 128
3 9 11 13 17 49 52 75 97 131 145 146
4 10 43 62 65 112 129 130
2 7 24 32 35 71 125 128 140 144 147
0 19 25 42 55 69 128 137 148
14 21 67 69 76 106 115
10 17 25 55 61 83 88 93 110 113 132 144 147
1 11 14 23 32 65 75 76 80 86 125 148
3 13 70 71 87 100 141 144
1 5 20 32 43 48 50 56 77 85 126 132 144
19 46 51 60 61 72 74 125
9 18 53 92 120 138 143
18 30 83 118 119 129 130
26 77 82 85 105 111 120 123
36 54 72 82 92 110
1 46 61 62 72 119 141 149
14 38 68 110 127 128 135 141
2 25 54 65 66 67 69 72 115 133 142 144
16 46 60 74 76 82 87 93 94 108 120
6 8 31 53 57 74 78 79 99 104 128 145
13 50 53 59 106 110 126 136
57 58 74 80 82 100 114 119 129 130 140 146 147
19 48 57 74 77 99 108
7 16 24 32 38 53 70 102 106 120 122
6 12 41 43 64 70 96 103 104 114 125 146
21 24 28 29 36 49 67 72 86 105 109 110
14 23 36 69 71 104 121 138
27 30 39 50 79 114 132 134 138
26 29 78 83 98 146
12 17 39 41 76 87 100 103 113 116 139
25 31 53 59 66 99 119
33 67 78 110 143 147
3 4 14 24 69 76 81 82 109 119 121 134
12 38 40 72 86 122
7 29 40 43 72 90 109 133
12 35 36 52 112 126
7 39 57 62 65 89 90 96
13 14 19 32 69 87 106 136
34 55 57 77 93 94 96 119 123 124 136
3 30 113 118 132 139 146 147
18 65 68 74 95 101 106 120 121 126 144 146 149
15 16 19 23 25 27 101 111 135
8 20 23 32 37 50 97 131
20 22 32 50 55 72 121 144
40 42 84 85 103 117 124 143 144
1 17 18 43 66 71 81 86 102 107 119 128 147
14 20 40 43 58 76 95 104 119 128 139 141 145
16 49 82 95 103 106
6 23 36 39 57 80 88 135 141
6 14 15 42 54 60 68 100 101 106 120
0 17 18 19 32 40 42 46 69 96 108 134
9 11 18 28 39 61 68 77 79 80 103 115 126
3 63 89 90 108 113 128
3 50 53 65 111 113 116 129 130 143
19 32 36 103 115 119 130 144
7 11 87 112 113 114 135
79 81 94 99 117 131
15 20 23 33 48 91 97 121 122 130 138 144
13 14 21 55 77 84 96 108
32 54 90 109 117 121 149
27 32 40 41 54 73 115 116
7 8 11 16 30 41 43 55 59 70 109 140
1 11 12 62 63 124 141
15 18 42 84 126 135
17 36 52 72 75 87 149
24 41 42 65 84 119 147
6 51 55 122 140 143
10 31 36 40 56 72 82 103 119 125 144
42 43 46 77 102 110 127
3 39 57 76 113 135 141
24 31 41 51 55 78 107 110 118 127 128
9 12 14 27 34 66 83 130
7 18 19 28 55 66 67 94 105 109 121 145
0 3 13 29 33 53 58 67 76 79 103 120
34 37 83 97 104 144 149
16 43 44 45 61 62 70 119 131
11 12 15 21 67 70 84 118 122 139 140
2 10 32 42 48 59 62 90 121 126 140
23 26 63 76 77 90 100 122 128
3 4 15 33 37 52 97 110 133 141
6 9 32 90 95 107
20 33 44 66 68 122 128 131 133
1 44 46 54 66 105 109 134 135
30 52 56 60 61 96 104 128 139 141
2 16 24 38 41 48 64 85 100 104 107 115
58 93 103 117 120 146
9 22 24 33 76 90 103 104 142 145
10 11 26 36 46 50 108 109 112
35 45 53 72 81 113 125 130 134 135 139 140
23 24 30 40 63 74
2 19 36 66 69 78 85 87 140
24 33 38 46 66 79 115 116 122
18 19 42 61 65 67 87 89 90 93 118 126 143
30 56 83 105 112 132
13 18 25 34 45 144
25 35 38 48 50 71 77 94 98 123 142
7 24 28 36 101 104 124 125 141
23 33 35 57 58 72 79 85 139 145
11 60 81 88 106 132 136
14 40 69 89 91 95 98 103 107 141 143 147 148
2 5 16 80 81 114 116 119
5 10 39 43 47 66 74 77 80 91 121 136 139
11 18 69 79 81 84 87 98 104 127 132
27 46 90 93 104 115 117 119
9 14 22 31 75 92 93 104 112 130 143 149
3 26 36 42 73 92 96 119 124 131
3 17 23 33 41 46 51 97 114 123 140 147
12 79 107 115 120 125 130
0 14 16 41 43 51 56 87 92 93 112 133 137
29 49 64 80 89 102 113 126
6 28 32 38 55 86 104 109 119 149
19 91 97 109 120 121 132 136
22 25 43 57 62 69 70 74 78 103 136
3 16 56 67 71 77 102 119 129 134
1 15 27 64 68 96 131
16 33 34 55 58 78 91 101 110 116 122 147
10 11 26 30 35 97 108 109 120 138 142 143 149
23 38 51 67 92 106 108 126
43 52 71 72 97 108 117 120
12 37 40 48 53 61 68 82 113 114 117 121 148
14 42 78 100 101 104 125 128 143
16 21 26 30 80 97 100 103 108 148
4 13 42 50 67 76 91 122 130 134 141 148
15 22 35 62 84 100 101 136
6 11 19 27 67 93 100 107 135 139
6 35 37 59 60 79 88 124
3 8 10 21 29 58 115 131 136 137 142 144 145
13 20 60 76 90 101 131 142 145 147
0 19 43 67 75 85 115 116 132 141
3 20 21 31 45 55 59 64 75 78 113
4 11 12 33 53 55 67 84 102 111 114 127 143
6 54 55 96 103 123 148
2 7 15 28 31 72 109 111 123 125 126 140 146
10 25 34 44 46 87 95 119 121
33 40 55 86 100 105
15 87 89 92 102 114 135
67 74 82 109 113 120 128
23 58 86 95 104 121 135 142
14 25 54 84 111 119 122 123 130 143
15 34 50 74 77 80 88 91 93 109 115 134 143
11 14 23 52 97 113
4 5 33 36 52 76 98 104 149
29 33 41 77 136 137 146
17 36 48 55 60 89 95 97 98 136
17 28 34 39 57 62 88 101 144 149
1 11 15 63 75 147
9 30 32 46 74 85 89 93 96 115 116 146
3 16 60 85 121 137 145
15 27 49 50 71 82 83 92 100 113 123
21 37 44 46 64 72 86 93 100 148
2 21 56 74 76 81 92 117 122 123 125 138 148
58 79 92 99 122 136
4 5 14 40 50 53 65 70 106 124 135 145
30 35 47 51 92 94 96 103 122 127 140 147
16 36 38 54 77 89 101 104 113 121 141 149
6 17 33 47 49 52 87 88 96 112 136
10 26 44 47 74 78 88 127 149
21 26 34 36 42 44 60 70 101 129 144
0 15 37 69 92 107 134
15 19 41 42 54 75 77 79 85 104
30 64 85 97 107 137 143
34 36 63 82 89 92 96 119 127 128 130 143
10 20 55 84 86 88 117
10 22 40 89 97 99 101 136 149
3 5 21 35 72 73 79 121 131
3 8 16 20 21 22 37 73 88 95 145
28 32 34 70 77 82 98
9 11 21 56 72 74 80 83 91 102 118 134
4 16 26 54 70 80 116 127 133 139 143
7 15 30 37 46 74 91 122 133 135 139 141 142
15 30 35 63 83 87 89 94 96 99 102 114 149
10 64 65 118 135 139 146 148
13 57 61 63 70 84 86 92 97 99 113 130
9 24 27 41 78 81 88 89 107 140
7 20 90 95 106 112 118 125 137
0 18 28 58 74 112 141 149
10 12 30 62 87 95 135
15 22 25 29 48 57 70 98 111 123 149
13 27 28 30 56 119
17 23 25 51 67 94 130 140 147
15 23 35 69 81 85 93 97 100 117 119 125 141
0 6 26 96 110 141 144
0 9 11 18 29 31 60 70 72 78 83 94 118
1 14 32 77 92 115 138
12 13 30 37 55 60 66 71 125 129 136 143
2 13 30 38 84 97 98 104 120 125 127 130 146
7 22 34 46 60 61 83 119 124 126
0 1 4 33 41 45 68 90 105 112 116 127
19 20 49 51 63 129 133 134 146
4 7 27 28 36 61 69 73 74 116
30 59 60 69 94 104 107 117 121 134 140
13 33 59 71 107 109 117 118 128 137 147
2 19 77 96 97 101 124 132 135 136
16 33 60 64 76 78 88 92 100 105 106
22 25 85 104 108 110 118 141 143
8 12 20 32 36 47 48 51 55 63 83 96 130
8 19 21 30 32 45 46 61 87 113 114 128 138
27 35 45 79 101 116 131 132 147 148
7 13 23 25 52 59 87 91 99 103 126 128 130
19 32 55 56 105 145
9 11 20 23 28 145
4 23 24 25 30 56 79 98 101 109 127 136
4 7 32 35 49 83 113 118 124 131 142
44 56 61 70 72 75
1 2 8 14 44 46 75 84 85 99 115
23 27 41 68 86 97 101 105 111 116 137
32 37 58 70 95 119
22 25 41 78 87 88 109 121
24 26 40 62 87 116 118 122 147
0 39 60 64 126 131 141 145
4 87 94 95 99 117
11 51 68 81 100 102 128
6 26 27 40 61 75 80 87 92 101 102 106 127
0 22 33 39 76 77 92 93 124 144
12 34 49 50 57 79 80 81 89 104 116 122 137
2 17 19 57 61 126 138
20 52 53 67 71 98 101 111 135 139
20 22 24 55 63 79 89 91 102 124 133 137 143
21 23 41 88 89 97 110 117 123 124 127
14 27 31 49 64 65 95 104 116 136
43 63 70 79 102 112 126 129 134
2 19 42 88 103 109 117 144
50 57 64 72 77 94 101 115 120 121
18 61 62 69 82 107 110 115 125 142
5 6 11 34 44 48 49 67 80 137
2 16 60 69 72 79 82 94 104 105 111 117 149
5 14 23 40 48 49 90 111 112 119 148
31 48 61 95 120 131 149
6 13 19 41 55 61 77 90 93 115 127 135 139
13 33 64 75 102 124 134 143
10 16 17 18 21 23 39 44 87 88 122
28 45 50 78 140 146 147
10 18 45 52 56 70 93 98 108 131 137
48 52 71 85 88 91 92 103 110 118 126 148
0 13 21 23 42 43 58 65 82 125 131 148
29 46 54 67 70 80 86 118 128 144 146
26 30 63 64 69 75 79 99 121 122 129 130
23 25 41 83 96 104 109 118 125 134
5 13 15 20 27 78 91 97 118 122 146 148
4 6 8 9 18 24 41 62 99 113 135
28 33 39 56 94 96 132 133 136 139
1 16 27 47 50 57 68 88 92 119 123 145
1 9 10 31 37 49 52 60 76 78 99 104 106
7 11 18 40 42 45 60 81 89 107 113 116 117
29 30 41 43 44 60 64 74 76 112 123 149
10 26 29 34 37 58 60 76 82 113 114 143 148
9 11 20 21 23 52 79 95 115 148
0 52 85 86 96 101 114 121 122 134 148
16 21 60 81 93 100 110 113 130 144
41 63 68 74 100 141 148
34 48 64 66 68 70 71 74 78 84 126 130
5 10 22 39 72 90 102 127 135 140
9 25 28 36 50 60 88 99 108 109 128 137 143
26 30 33 80 85 120 122 124 134 148
6 58 71 76 107 122
10 63 84 94 124 127
13 29 33 54 55 107 114 148
1 27 29 37 47 80 89 95 96 104 105 114
8 15 32 42 63 68 82 103 104 112 134
20 38 40 52 56 85 99 103 124
3 12 17 26 27 37 116 130 138
25 39 54 88 131 140
6 18 25 30 36 53 55 64 69 107 113 124 127
18 20 28 40 67 93 99 114 124 125 128 148
60 72 81 101 109 112 130 141
10 13 15 26 32 41 45 80 93 128 147 148
41 60 67 87 106 126 128 136
7 23 34 48 50 58 73 85 95 119 123 127
37 43 60 69 70 97 144
0 35 37 41 46 54 65 80 111 121 124 125 128
33 35 82 97 99 108 118 130 138
5 16 23 34 45 47 89 96 123
6 8 24 40 45 52 81 86 91 135 146
22 42 45 51 61 79 91 109 119 121 137 146
1 4 5 22 30 50 61 74 76 86 101 109 112
1 12 71 106 114 119 122 130 143 147
20 22 93 108 109 111 130 145
8 28 119 127 136 138
1 7 10 21 27 30 62 79 80 91 101 112 145
14 17 29 30 39 48 83 85 140 149
40 47 54 62 107 121
1 9 36 58 86 101
3 6 9 31 37 55 82 84 93 108 110 130 132
16 27 48 49 80 86 89 98 105 142
4 44 71 74 79 97 123 128
6 27 29 31 44 52 63 76 137 141 148
9 31 62 70 76 98 99 104 109 139
4 24 46 56 75 99
20 47 48 69 84 113 119 131 147
8 19 24 37 94 115 125 135 139 146
4 22 29 37 56 57 65 78 87 114 133 146
3 11 13 28 29 39 43 70 79 82 86 148
6 15 16 22 35 85 92 93 94 100 128 132
29 41 49 61 67 100 121 144 148
19 35 62 63 70 115 134 144
17 29 43 66 73 103 131
18 23 28 45 57 60 70 99 116 122 146
4 10 32 46 71 78 87
11 12 16 51 61 68 73 81 103 114 117 127
38 56 75 91 134 140 148
10 24 30 78 86 89 105 113 130 147
16 33 38 49 59 63 71 80 96 103 123 128 133
25 34 41 63 77 81 92 114 116 121 128 138
1 39 51 61 63 64 72 89 129
58 66 74 84 87 99 112 124
9 34 42 74 102 127
4 14 41 103 120 133
25 28 32 47 64 76 94 100 110 139
6 33 74 87 131 140
8 11 42 69 93 136
7 14 39 46 47 65 77 86 98 149
16 18 41 62 63 76 89 122 144
2 5 32 41 44 59 96 100 116 132 139 147
26 49 65 80 107 119 140 144 145
6 16 29 32 42 59 63
14 22 26 42 74 101 105 108 118 121
3 5 6 16 17 48 60 76 87 88 94 118 135
26 41 75 80 109 132 133
45 49 50 56 72 92 94 95 97 106
7 50 64 91 93 105 128 130 138
51 59 66 74 79 80 94 102 129 145 147
22 24 47 58 62 72 94 101 102 114
8 17 27 31 46 54 60 65 75 81 93 112
3 4 15 28 39 55 73 82 90 105 110 117 131
1 10 19 62 63 83 84 93 99 114
2 6 18 25 31 44 55 72 86 105
13 26 28 63 81 97 98 148
13 15 21 48 52 66 67 115 117 147
33 34 71 79 92 93 134 148
6 17 53 96 104 125 149
2 8 21 35 39 59 75 91 106 121 133
11 13 18 34 44 50 98 118 127 130 146
28 37 81 82 110 111 112 117 128 131 138
6 22 23 25 33 34 49 63 84 97 111 124 129
18 20 39 57 58 65 73 80 125 130 135 149
7 30 31 39 58 108 116 134 148
28 37 43 73 74 75 84 90 136 142
3 44 45 79 100 143 146
21 64 71 77 96 103 109 132 148
3 8 32 39 56 60 65 79 127 131 133 144
16 21 29 33 38 43 51 62 71 107 127 134
17 78 102 115 118 136 149
16 23 47 79 97 117 139 148
27 28 40 42 48 73 91 99 145
38 97 99 116 122 143 147
13 17 28 34 54 56 62 71 82 109 116 131
21 28 29 39 62 71 74 103 144
0 8 23 26 43 61 89 119 131 137
14 16 22 67 68 80 87 96 101 116 123 134 147
4 20 26 52 53 55 69 76 93 106 123 126 127
12 15 21 35 40 56 57 82 93 104 129 131 142
14 31 51 56 76 90
8 86 108 118 146 148
6 7 30 67 78 93 100 139
5 10 19 21 42 47 58 75 81 86 101 109 125
45 68 90 100 114 122 142
1 7 9 12 46 48 51 76 94 95 126 141
0 6 7 16 36 39 112 141
13 20 29 39 65 67 76 79 83
26 52 67 90 91 121 123 137 139 143 146 147
0 19 40 41 92 101 106 115 122 131 132 145
5 14 40 45 83 104 107 131 138 148
18 36 73 74 93 98 104 108 131 134 139 144
10 15 23 70 91 101 107 114
0 4 7 33 39 60 112 117 119 120 131 134
5 6 12 34 35 56 72 86 135
10 19 23 38 57 69 93 96 103 110 138
4 27 33 34 63 100 111 112 118 119 137 146
8 26 31 60 65 68 89 129 135 147
34 40 47 48 49 50 60 84 90 141 147
9 11 34 38 51 70 72 142
0 17 18 31 57 80 94 105 115 116 117 137
4 26 33 60 80 102 104 116 148
0 9 16 41 114 139
10 23 48 64 65 84 90 103 127 145
6 16 42 48 49 57 73 89 110 138 147
9 15 17 21 41 46 58 60 94 103 113 124 144
8 38 41 50 57 87 95 110 132 137 146
19 38 73 96 104 113
5 19 33 36 50 51 61 83 84 101 111 133 143
6 27 54 77 101 102 104 107 112 115 117 142
22 31 65 66 74 98 111 112 113 134 139 141 144
2 14 40 102 110 116 149
39 42 51 97 98 105 136 138 143 144
16 36 44 68 72 99 103 130
