7 72 88 113 142 144
5 11 29 49 58 59 76 80 85 101 110 141
1 28 35 57 82 87 103
27 56 112 118 138 147
18 37 41 50 52 81 109 115 122 144
5 7 15 20 33 57 61 65 71 92 120 135 143
9 19 50 68 75 138 143
2 8 21 29 42 45 84 91 96 125
19 47 49 62 67 72 82 93 118 121 133 137 148
1 35 37 38 103 105 125 126 142
9 34 44 45 77 79 88 117 125 127
3 9 94 97 114 128 139 143
0 7 41 91 114 132
6 65 85 96 106 144 146
29 39 50 61 95 98 103
2 23 39 42 54 65 124 137
27 37 40 41 51 59 70 73 83 119 136 140
12 14 23 43 56 90 91 105 112 115 121 131
9 20 23 50 52 83
0 10 26 31 32 33 82 85 92 113 138 142
1 47 49 50 61 84 98 105 109 122 126 132 135
11 21 22 30 39 48 49 58 99 104 112 147
20 23 44 54 88 145
10 12 13 24 63 78 93 131
8 28 86 124 139 141 142
5 18 48 55 63 94 95 102 129 136
13 25 26 67 91 105 114 119 144
17 26 58 72 74 78 87 128 142
8 20 27 34 40 71 84 89 109 134
31 39 92 95 108 112 127 135
12 15 18 57 58 64 91 110 116 136 145
1 20 22 30 42 45 48 73 96 98 127 130
14 45 47 55 70 77 85 92 113
19 48 54 57 59 62 67 89 90 149
21 31 32 47 71 85 108 118 134
8 28 29 40 56 59 83 91 92 119 130 138 145
48 56 79 80 103 111 125 136 148
23 32 37 38 39 103 107 130
2 34 85 118 127 148
13 30 39 44 52 63 69 74 87 121 134 148
6 9 15 39 42 56 58 64 100 115 120 149
9 18 21 33 62 73 78 103 119 131 133 138
24 57 68 89 94 103 121
6 11 47 50 74 87 124 127
3 4 13 30 31 96 101 106 125
13 42 90 97 99 116 119 120 125 143
33 38 42 69 108 111
33 46 47 98 101 110 132 133 138 140
2 4 20 29 41 71 91 99 104 114 115 119
0 15 40 44 79 85 90 97 149
8 13 27 32 34 44 49 54 66 67 87 103
1 37 54 72 83 87 110 113 120 121 125 132 141
7 11 15 41 63 65 82 83 92 114 119 144 145
13 58 66 71 75 85
27 28 31 52 65 66 89 99 141
18 19 40 49 61 62 80 127 143
0 20 39 47 136 141
4 27 33 61 71 86 105 106 107
4 11 17 24 34 39 57 67 95 97 99 108 113
2 22 23 40 42 75 108 116
8 34 40 43 45 73 75 79 83 102 117 128 140
3 67 84 103 124 137
9 71 107 110 120 122 127 130
30 43 53 54 84 90 98 108 124 131 141 146
11 19 23 33 35 83 94 135
28 44 71 86 101 119
6 34 68 96 129 131
4 5 7 34 72 76 78 81 88 113 130 148
0 8 15 18 49 61 66 106 121 147
15 35 51 64 78 117 127 132
6 8 60 62 79 118 123 126 137
24 26 30 51 60 83 87 90 111 123 144
38 47 60 85 96 114 128 129 144
1 4 37 52 59 60 67 77 82 114 126 137
3 13 27 62 66 85 95 105 124
4 35 55 78 123 139 141
2 24 28 37 46 57 60 65 123 142
0 22 26 29 75 93 109 120 141
2 16 32 66 69 72 79 80 86 94 102 130 149
2 30 34 35 106 122
3 12 59 69 90 94 97 104 120 122 131
5 15 32 47 50 51 52 58 90 92 99 100 128
3 17 23 46 50 52 60 61 78 88 134 136
25 59 65 69 81 93 100 120 138 147
65 82 86 91 103 120 132 139
9 14 16 22 46 62 87 111 113 130 141
9 27 29 40 69 70 95 99 100 114 143
3 7 37 44 49 77 89 104 125 136 146
18 27 51 52 73 135 141
25 28 31 42 57 71 75 104 137 139 140
6 21 38 47 68 95 127 130
2 32 68 71 77 95 107 119 130
33 37 51 53 59 130
2 15 28 32 54 73 79 90 97 113 122
17 50 55 56 67 74 91 103 105 109 110 127 140
21 24 35 41 52 68 88 89 112 120
8 10 35 44 58 72 101 104 125
36 61 68 76 134 138
44 72 77 92 97 114 144
7 10 34 40 70 86 105 132 143
1 5 18 37 40 46 65 82 95 106 125 134
0 4 16 51 58 60 82 86 120 133 136 139
8 29 62 84 114 119
37 65 78 79 102 110 113 123 132 147
9 54 74 100 125 129 131 143 144 149
6 19 85 104 115 129 131 136 142 147
13 23 43 44 61 102 109 117
25 36 46 75 82 88 90 101 106 137 141
42 55 60 71 75 88
24 31 69 82 94 98 104 113 131 145
20 25 38 51 56 87 88 100 106 107 112
33 42 73 96 101 116 133
0 9 49 52 53 64 71 81 82 115 130 139
7 37 41 61 64 81 106 118 141
5 9 23 27 47 60 76 101 117 134 149
1 7 27 36 50 60 90 100 105 115 138 147
48 59 70 72 80 92 100 102 103 111
23 32 36 80 91 101 133 138 143 145 146
36 42 44 48 80 110 114
2 35 56 108 122 129 142
4 30 37 43 52 60 75 91 97 112 129 144
0 13 20 34 39 55 63 71 118
5 26 31 34 70 75 94 109 127 136
4 50 55 66 77 101 111 125 137 146
7 10 37 56 69 71 99 108 109 148
1 37 39 43 48 62 112 147
8 20 21 31 50 58 70 76 89 130
8 18 51 73 85 98 107 144
4 8 23 33 38 61 112
2 6 12 14 24 48 101 139 140
7 10 13 19 32 79 93 126
6 22 33 35 38 46 117 139 148
1 12 13 27 38 47 97 103 122 127 146
0 14 28 32 54 65 119 138 141 142 145
73 88 90 112 140 142 149
7 19 20 27 34 38 46 55 84 96 112 129 146
14 39 42 61 78 88 100 109 126 142 148
0 5 17 33 37 39 53 64 81 101 111 136
8 46 53 67 76 80 92 106 108 120 129
13 14 36 37 70 94 127
8 24 59 64 72 82 107 109 121 128 133
22 29 51 60 63 72 80 101 114 116 118 144 148
6 11 14 24 26 66 74 99 100 110 129 148
9 12 21 29 32 38 50 59 64 124 132 138
39 68 74 85 91 128 130 143
7 19 41 43 51 58 72 97 111 123 138
40 50 73 82 87 91
2 12 38 57 84 90 96 118
1 7 15 19 23 32 53 86 123 140
34 55 68 72 91 120 138 144
24 48 53 68 71 76 84 94 100 112
4 15 35 83 105 133
11 22 93 99 114 138
0 8 32 34 56 122 140
2 46 61 67 88 113 120 138 142
34 35 39 43 46 48 64 88 89 100 109 116 136
0 8 12 22 35 40 42 56 80 104
0 4 25 37 100 137
32 42 58 77 98 124 132 144 147
11 25 29 72 100 118 124 126 127 133 136
0 3 24 76 81 88 111
2 11 22 48 78 82 96 100 103 125 134 136
3 41 67 68 71 79 117 136 142 145 149
13 19 30 40 61 68 70 71 123 130 145
0 15 18 71 75 83 113 117 139
0 13 27 29 52 55 72 102 110 117 139
30 32 39 42 47 57 82 96 111 114 115 130 143
10 21 23 29 32 36 38 52 77 84 86 96 129
0 42 47 50 51 73 75 131 141 148
10 14 26 41 73 81 84 93 103 105 122 149
2 6 14 24 67 71 99 144
22 46 63 70 74 76 87 88 95 105 107 111
25 37 67 74 110 113 129
6 36 58 95 129 135 136
23 25 33 49 51 55 69 84 107 111 146 147
80 100 102 130 142 147
0 6 74 129 130 141
30 42 52 58 80 83 97 119 121
7 17 45 60 72 123 131 132 137 148
34 73 95 128 133 137 138 140
20 65 131 133 140 147
10 52 66 93 118 121 122
19 27 54 57 59 101 109 113 115 118 134
18 26 73 80 110 116 122 128 140 147
11 16 29 33 53 61 70 79 81 128 145
30 54 97 119 123 129 147
10 13 27 41 48 56 59 94 114 118 131 146
22 28 64 69 133 144
11 19 31 44 102 120
11 15 21 42 67 75 97 109 117 126 130 145 148
0 18 53 65 66 96 113 119 120 145
2 11 44 61 74 133 146
15 22 31 96 112 133 135
7 12 39 42 43 54 73 101 106 132
34 42 59 64 69 105 108 116
2 63 69 79 117 125 142
4 35 39 55 69 76 105 131 142
25 26 34 37 47 68 79 82 116 119 140
2 12 21 22 34 60 81 99
3 21 23 49 53 57 83 85 90 100 114 126
6 8 69 99 140 145
5 11 31 53 58 71 95 98 99 100 105 123 134
13 17 32 38 39 83 100 131 148
88 99 106 132 142 147
22 26 33 50 67 75 85 112 120
0 6 82 86 104 107 141
26 27 55 60 63 129 133 146
18 32 40 60 91 101 114 117 120 128 136
11 16 41 48 49 52 54 87 101 114 131 140 141
7 25 33 37 38 45 55 66 106 112 114 124 142
41 53 64 90 116 131 139
8 26 49 52 53 69 75 110 114 117 131
8 98 112 122 141 147
8 24 42 91 97 102 110 112 119 130 131 146
32 45 46 61 96 108 109 115
4 14 33 49 60 65 92 110 113 147 148
0 3 4 13 49 71 85 107 112 126
22 27 44 45 53 65 74 78 96 99
8 39 52 72 77 137
10 19 29 32 38 49 53 63 72 90 124 125 132
4 6 20 32 35 47 65 72 122 129
69 73 74 113 114 136 146
7 9 54 56 66 86 89 119 126 146 147 149
1 24 51 63 108 125 140 144
16 17 25 27 39 41 44 45 55 65 109 120 143
8 26 103 118 126 149
55 91 93 109 119 122
2 19 53 68 69 81 84 86 120 121 129 132 137
11 16 21 23 33 53 91 101 104 128 134 143 146
7 26 46 59 77 85 111 126 131
17 19 42 85 119 129 145
13 35 42 45 55 77 78 90 97 107 113 120 134
75 106 114 117 132 135
5 8 18 30 39 57 75 77 102 105 133
7 15 62 66 94 101 124 143
33 64 65 82 95 142
3 14 21 31 49 54 62 97 125
15 29 32 44 85 95 100 127 144
11 25 29 35 43 49 84 94 127 134 141
3 8 25 31 33 81 86 101 112 126 129 130 140
1 7 26 33 34 41 48 67 76 93 102 118 146
0 12 18 35 52 103 112
0 20 21 25 62 68 83 132 138 149
2 3 18 70 89 101
7 42 48 57 59 73 74 86 103 128 144
13 29 34 49 61 64 114 127 146 148
10 16 30 72 94 97
25 54 63 68 70 96 103 123 146
21 28 39 42 60 84 128 131 145
4 6 27 58 83 102 148
1 45 52 53 56 79 82 109 111 126 136 139
10 47 50 66 122 147
7 54 57 66 82 93 107 115 138
37 51 53 69 71 104 109
3 33 62 71 83 115 133
8 11 17 31 51 70 74 76 82 95 132
8 28 53 65 119 147 149
17 31 50 70 86 91 94 105 142
3 18 23 43 47 48 82 113 126 128 130 142
41 42 44 46 48 64 66 91 97 103 106 128
11 20 21 25 30 52 66 67 84 98 115 129
16 32 34 37 65 73 79 81 104 118 120 126 134
6 28 41 44 50 57 71 83 94 102 106 109 130
27 47 50 55 73 77 79 95 115 127 133
0 8 19 20 87 92 103 117 122 130 136 139 142
7 21 25 35 43 64 65 84 85 92 115 138
4 17 18 29 31 42 52 60 94 105 106 109 114
3 14 18 24 68 75 88 107 120 121 129
4 6 19 29 46 69 76 94 101 110
10 16 58 59 66 70 74 77 90 111 144
0 14 20 21 39 43 49 72 137
1 9 15 43 76 112 123 139 142
19 29 61 92 97 98 114 147
18 22 68 74 96 114
24 45 51 62 64 65 72 108 119 125 133 139 145
7 12 14 20 57 71 87 91 108 120 146
18 32 71 108 109 115 117 118 140
5 15 41 58 78 86 89 148
5 23 25 35 61 64 99 103 109 121 124 127 138
34 52 59 89 111 124
39 48 58 73 88 93 116 123 131
4 45 68 122 134 148
5 18 29 38 41 135 140 147
13 14 34 81 82 83 114 124 134 144
31 39 44 73 117 136
11 40 65 119 121 148
1 46 52 55 75 91 114 129
1 34 44 97 146 148
42 97 108 113 140 142 143 144
2 3 33 56 58 60 70 98
49 65 101 124 131 143
0 4 16 27 28 45 78 90
37 39 51 66 77 95 96 137
7 40 42 60 62 77 79 100 133
20 38 49 63 80 87 99 120
1 3 7 11 25 60 72 94 107 110 111 146
0 5 29 35 38 70 121 127 143 144 148 149
30 33 60 72 137 149
44 49 67 78 79 107 131 140 144
2 30 32 40 46 51 96 100 109 120 144
2 57 58 78 111 143
11 23 28 37 47 68 114
4 18 32 45 52 62 80 82 94 120 126 137
0 3 4 12 14 20 30 40 49 63 94 116 123
0 10 25 27 58 66 95 97 98 105 120
23 27 28 31 32 73 77 92 101 131
27 39 41 42 44 60 66 73 89 94 111 134
34 42 81 87 108 122 145
16 20 23 35 72 105 126 129 143
28 63 93 101 103 122 144
1 3 18 21 29 40 53 69 77 100 113 125
3 8 21 42 44 59 74 78 120 146
11 37 41 45 71 84 104 110 121 128 133
12 30 38 40 59 66 138 139
11 14 43 44 53 81 96
0 32 46 54 59 63 110 134
0 18 20 41 61 75 79 104 106 129
3 14 44 46 48 93 104 109 112 117 134 141 148
86 89 110 114 131 138 139
0 6 29 40 43 47 83 106 131 136 137
21 24 32 54 76 124 126 133 136 138 146 147
43 47 54 65 69 98 99 111
14 37 51 52 57 87 136
11 22 83 91 93 110 112 113 116 117 142 143 144
22 32 54 55 57 69 75 77 83 89 92 130 138
41 62 63 75 102 115
46 63 67 116 125 133 143 147
21 25 37 39 50 68 69 70 88 96 121 127 129
4 66 68 70 76 80 89 91 115 142
18 41 42 45 53 60 70 71 85 108 116 139
14 34 44 58 75 119 145
40 46 49 59 88 103 106 120 138
48 52 98 102 116 120 124 147
3 70 82 95 99 141 142 148
5 18 23 52 75 77 103 107 110 118 148
19 33 40 55 66 67 68 73 79 124 132
0 1 8 22 66 70 76 85 91 97 143
9 24 51 54 71 80 111 124 142
16 20 71 76 78 83 93 138
8 35 39 63 65 70 94 114 115 145 148
41 44 47 62 65 88 100 112 121 146 149
2 36 44 47 59 69 73 79 109 144
6 7 56 70 97 101 144
15 25 41 46 51 67 81 93 103 111 119
1 13 16 25 37 45 60 74 81 106 109 119 121
1 22 45 63 67 69 72 87 109 146
12 28 35 55 56 58 76 83 139 147
3 25 28 44 51 88 124 136
5 15 50 52 87 122 130 137 141 147
15 64 71 72 73 79 82 93 110 116 119
16 23 41 91 105 113 125 138 144
2 10 19 48 63 74 89 106 126 133 134 137
8 17 53 63 85 109 111 126
1 12 24 27 47 64 85 90 100 138 139 149
25 34 44 46 51 56 96 99 103 132 143 147
16 21 41 60 65 79 82 99 131
19 45 66 67 69 75 77 109 137 142 148
8 11 27 30 40 59 77 81 95 101 120
9 30 43 48 67 72 84 91 138
4 17 33 53 76 78 91 103 145
34 79 82 89 102 120 124 129 144
9 17 21 66 67 88 96 108 117 119 143 148
2 18 43 46 56 81 127 149
60 62 65 76 135 138
25 28 34 46 54 68 72 76 78 99
0 20 29 33 53 62 72 85 122 133
0 9 42 45 101 118 121 145
7 27 33 57 62 71 87 111 130 138
3 12 14 30 35 56 77 82 92 101 124
2 23 32 49 107 116
13 18 19 58 76 79 87 96 129 138
5 39 46 73 87 98 102 133 148
32 35 68 69 97 105 120 126 134 136 143
8 48 51 69 99 126
3 30 48 49 91 107 109 116 145
14 18 39 71 102 135
2 7 20 32 40 51 86 97 98
2 48 60 65 70 75 92 105 111 147
17 20 22 33 89 100 104 130 138 139
15 24 31 32 37 38 76 86 105 111 126 127 136
52 76 85 90 103 136
0 20 69 85 116 122
28 45 56 113 126 129 132 140
1 26 30 51 52 64 78 82 85 93 100 106 123
1 7 27 90 92 101 114
6 18 45 55 57 95 97 98 104 112 125 142 147
20 38 54 62 74 99 111 128 139 146
15 36 69 76 89 99 112 148
1 11 36 44 46 62 90 136
31 32 44 47 58 60 65 94 125 148
2 28 56 61 70 79 83 89 95 97 104 111 143
15 36 43 53 58 74 78 83 110 115
10 13 15 44 49 68 70 83 92 95 105 111 112
48 52 54 57 70 85 89 93 130 135 140
6 23 24 90 103 121 142 145
9 24 36 73 107 120 134 147
47 49 77 103 118 130
10 30 43 44 53 61 65 88 89 102 124 142 145
15 33 46 68 88 107 116 120 143
5 30 31 43 44 55 86 88 93 96 138 139
4 16 35 51 53 111 113 131
21 37 48 55 59 62 72 79 92 113 116 143
4 33 36 57 81 89 92 118 137 144
14 33 47 79 90 92 98 114
52 72 76 79 97 104 119 127 132 144 147
10 47 82 94 109 117 118 129 136 147
10 15 24 30 40 43 63 65 80 115 129 138 141
1 21 23 26 40 42 77 103 128
11 62 66 96 99 101 106 114
7 66 72 90 100 116 126 128 129 146
61 71 79 95 118 124
0 10 35 45 69 79 89 102 103 108 111 134
38 52 67 76 82 134 138
13 14 16 24 26 79 94 111 131
14 37 51 52 104 125
21 24 27 43 45 50 51 52 57 96 98 111 138
30 63 102 119 130 134
0 8 26 28 50 63 78 99
1 5 23 34 38 39 59 70 78 108 130
0 6 15 49 62 70 71 72 74 126 134 148
9 15 18 26 50 67 101 116 127 137 139
2 10 14 30 37 46 49 69 87 123 134 135
5 9 21 33 37 49 82 86 94 110 115 122
4 7 11 57 88 103 113 121 122
14 36 56 63 92 140 145
16 31 42 45 67 81 98 121
7 18 32 54 55 85 90 119 120 129 147
61 77 90 116 127 148
1 7 20 26 46 52 92 105 135
2 33 39 63 73 133 140
3 29 49 64 80 82 115 134
25 44 76 87 90 112 121 137 147
7 20 35 36 45 46 47 61 69 89 99 129 149
31 37 44 67 70 87 122
13 30 52 62 72 81 91
1 14 22 28 81 99 122 133
10 21 28 37 42 64 87 132
30 34 60 78 88 95 144
9 16 30 31 54 58 101 117 133 144
1 15 26 45 58 67 86 105 108 143
1 39 57 73 74 110 126 139 148
9 55 59 64 74 133
5 11 17 31 32 35 43 61 88 123 144
5 12 18 35 41 56 95 99 135 141
11 21 36 37 47 56 57 60 70 98 122 148
26 43 56 59 62 78 112 117 130 137 139
9 29 47 84 89 97 100 118
21 40 44 58 76 80 90 108 121 134
54 59 61 93 107 129 143
5 66 79 89 96 118 122 131 147
14 16 18 25 39 70 71 72 104 107 108 121 149
5 15 19 20 65 97 127 138 142 145 148
6 25 78 80 115 121 124 135 148
25 61 84 98 122 145
57 60 67 78 79 83 108 111 119 123 138
17 71 78 98 113 149
17 32 65 88 93 99 129 144
16 43 74 130 146 147
10 87 90 103 112 126
2 5 9 21 115 123 136 142
8 12 13 28 31 51 96 99 103 113 126 133 140
19 25 26 35 54 56 79 83 108 110 118 142 148
10 25 37 39 52 70 71 73 115 125 146
15 28 34 35 72 110 115 141
10 34 53 86 113 142
1 39 59 79 110 120 126
13 63 76 81 98 103 108 130 133 147
15 54 68 94 97 101 143 144
5 22 26 46 52 81 89 110 112 132 133 145
8 12 16 37 54 66 96 101 104 147
7 13 16 38 43 75 86 100 127 136 138
54 61 86 127 134 144 146
44 46 58 76 105 147
7 34 88 91 142 147
17 18 33 77 95 124 133 143
2 16 27 37 45 50 54 63 75 100 115 130 147
25 30 34 42 55 94 105 119 140
14 18 31 83 111 139
13 38 46 82 109 126 129 133 138 139
17 97 100 114 129 133 135
17 41 58 67 79 94 116 131
14 17 29 47 71 74 120 121 136
39 48 50 52 76 117 120 130
1 15 20 35 39 48 57 80 119
8 18 24 43 72 80 82 139
10 12 28 35 41 62 90 95 101 145
0 12 18 29 56 79 98 103 119 120 135
0 11 12 13 47 65 75 81 93 101 122 137 145
22 24 27 33 47 64 67 73 117 132 136
1 28 46 56 75 80 89 147
12 35 53 81 85 125 131
4 17 20 45 59 80 88 91 95 111 114 129 135
37 54 57 59 75 106 116
32 54 62 75 108 123 133 148
22 24 33 45 57 61 68 80 81 102 140
26 27 51 67 73 87 109 136
19 20 28 32 42 56 58 60 69 81 114 134 137
23 57 66 102 116 125
15 22 29 42 45 64 108 129
47 55 60 67 68 89 96 132 145
26 35 58 74 119 124 145
11 55 65 118 123 128
17 51 81 88 123 134
27 60 71 122 123 125 128
50 51 58 71 90 92 95 105 108 110 136 137 147
11 15 20 28 42 52 92 96 100 116 125
18 35 50 52 57 60 77 91 96 114 129 132 138
3 5 13 21 22 70 94 104 105 110 115 136 138
6 35 39 40 60 77 84 110 134 140
6 35 62 103 128 130
2 21 29 30 50 94 95 101 102 122 137
7 46 48 58 66 69 71 104 107 132 141
0 22 24 34 64 73 91 102 103 107 112 121 122
4 33 44 76 108 122
29 38 46 47 66 72 74 119 121 142 145 147
6 9 19 44 58 68 78 83 114 116 138 148
51 87 98 99 103 120 139
3 16 21 23 48 56 58 101 110 119 129
36 46 72 87 97 111 115
17 21 63 65 81 92 135 140
11 17 37 49 58 95 97 130
19 23 27 30 43 65 91 95 114 115 118 137 147
4 6 17 24 50 58 59 72 113 122 146
10 13 30 31 101 136
4 7 31 45 74 78 88 103 109 133
24 27 43 46 103 120 138
11 17 28 44 53 73 104 108 109 112 119 136
8 12 41 47 51 79 121
11 45 46 50 68 79 85 90 99 104 126 145
1 32 39 44 98 132
8 16 68 78 79 90 105 117 134 139
7 13 15 20 49 52 69 79 93 103 107
20 21 42 61 63 78 82 101
26 27 41 117 140 142
28 33 67 73 108 116
33 55 73 107 129 136
3 51 55 71 73 75 79 99 130
56 80 86 95 103 134
8 25 46 48 51 65 79 113 120
5 45 58 69 85 90 118 125 129
14 15 23 30 33 43 55 57 93 108 134
0 2 26 37 48 87 97 106 116 120
2 11 22 27 49 52 53 57 66 67 71 84 97
0 3 31 40 44 59 97 127 134
38 57 60 89 137 144
17 19 22 29 36 53 57 76 82 96 99 110 133
15 20 27 31 47 58 64 76 101 108 120 136 143
16 30 37 65 83 98 113 120 145
21 42 49 57 70 84 93 102 103 110 115 131 144
5 17 29 36 47 53 69 74 85 122 133 146 148
25 47 48 61 72 75 85 90 91 106 131 136 141
15 16 22 28 61 75 90 107 112 129 138 139 143
12 19 85 87 107 112 125
5 7 9 14 36 38 40 41 68 95 105 123 130
10 29 69 78 91 100 118 134 149
31 41 81 97 109 112 117 128 129 132 142
16 35 38 53 76 81 84 101 120 123 128 136 138
30 60 112 116 124 126 127 132
28 83 102 103 134 137 145
6 12 31 40 65 70 73 77 85 111 113 114 135
3 11 33 69 70 95
7 8 21 34 61 70 72 73 90 93 110 112
2 19 49 61 63 72 94 107
10 12 83 110 135 140
5 36 38 51 52 68 72 87 91 116 125 128
11 12 50 54 57 79 128 137
8 12 27 47 64 80 86 92
52 59 80 118 126 134 136
21 43 61 108 110 111 125 132 133 138 143
1 7 14 18 49 58 67 75 124 130
49 50 51 67 71 122 134
4 8 30 40 65 69 91 97 109 122 132 148
29 49 50 75 77 78 145
11 53 56 71 77 137
35 43 65 96 105 129 134 141
7 21 35 41 88 126 133 141
2 9 78 93 124 134
2 11 46 50 95 96 98 113 122 125 128 130 137
17 45 52 68 77 91 111 123
5 48 52 53 58 96 106 134 145
10 20 44 54 103 109 116 144 147 149
24 26 30 39 41 42 44 45 100 101 118 125 139
1 63 90 93 109 142
39 41 61 74 75 99 106 118 146
53 73 89 113 117 134 146 149
13 24 50 63 64 66 72 81 91 119
22 25 26 35 43 56 82 84 99 109 116 127 130
0 22 38 50 68 71 77 79 95 120 131 146
14 28 50 54 73 84 90 108 136
7 22 30 39 72 99 100 111 113 116 125 144
50 55 71 102 105 108 126 147
16 31 49 64 76 83 98 102 106 107 115 129 143
29 51 64 68 85 102 113 131 138
10 20 36 38 42 85 101 106 112 113 131 136
21 57 71 94 96 104 125
26 49 55 62 70 97 104 107 110 117 122 142 143
10 23 42 70 71 104 142 143
9 13 43 48 51 52 66 67 69 93 106 112
4 12 14 16 39 53 91 95 96 102 144
0 5 7 23 31 57 67 84 96 124 133
7 50 85 87 108 114
14 15 18 36 42 51 90 101 105 110 129 132 137
12 35 38 39 53 56 60 106 128 138 142
2 3 32 36 41 44 86 132 147
1 6 26 55 67 89 129 135 148
11 20 35 46 59 67 80 99 111 112 121 122 142
7 18 20 46 48 49 96 118 127 130 131
23 34 47 58 76 102 118 142
8 16 30 42 76 90 103 124 127 138 143 145
9 33 50 62 64 71 85 93 137
4 26 52 85 96 115 129 130 137 147
0 4 36 54 67 83 96 120 140
5 14 15 30 40 46 51 55 87 97 134 135 143
20 47 66 97 106 124 126 139
0 6 16 26 27 43 47 86 91
0 15 61 67 116 122 147
0 18 46 51 55 94 95 112 114 120 121 130
0 4 10 28 32 43 68 77 96 100 105 149
20 23 35 42 70 76 86 90 115 125 147 148
22 25 43 75 83 84
10 17 21 25 39 53 86 99 128 134
0 5 6 13 88 100 109 118 122 123 125 131 145
33 52 71 103 107 126
5 13 21 23 36 46 74 106 110 133 147
2 33 65 98 106 127 134 139
4 16 34 37 40 49 66 69 92 96 127 141 143
10 32 58 89 103 141
4 10 13 46 59 97 105 114 127 128 137
4 11 37 38 43 132 136
24 29 48 62 67 75 79 83 106 126 127 132
45 68 80 86 124 128
26 68 69 71 86 94 97 130 139
0 11 21 33 50 52 56 58 62 64 103 135
18 52 61 67 103 106 116 118
17 18 21 38 81 116 131 132
16 33 42 49 60 83 88 105 109 111 127 133 134
14 49 51 91 129 144
16 19 98 100 112 116 132 143
25 41 59 95 100 109 111 127
5 12 21 35 79 99 102 113 138
17 19 26 59 61 68 70 89 95 137 141 144
21 28 38 54 70 138
12 22 27 57 60 111 142
15 27 51 79 83 117 124
3 10 19 56 63 67 71 88 100 118 141
17 55 76 89 122 144 147
22 31 39 52 68 69 71 80 96 112 115 118 144
1 3 18 19 38 74 82 88 116 143
0 1 24 31 35 42 54 58 98 100 111 115 130
10 20 21 31 64 66 134
26 43 71 80 104 105 114 129 141
4 20 48 49 86 87 103 123 138
42 63 89 96 102 111 127 131
13 24 35 47 48 60 61 95 98 117 118 134 147
0 26 43 52 67 80 86 96 102 110 112 115
9 15 32 45 102 103 108 121 135
5 30 39 44 51 80 89 98 121 142
23 55 92 98 110 130 139
19 38 57 58 72 78 90 98 149
38 73 79 112 140 141
3 4 8 38 48 81 90 97 126 129 133 135
0 10 65 95 133 143
2 3 48 85 87 108
2 29 30 47 58 69 101 112 125 128
37 38 46 66 75 115 118 137
20 39 52 64 73 81 91 94 99 119 126 133
0 16 61 66 77 86 102 104 113 120 139
46 75 76 90 106 116 117 130
30 39 43 56 60 68 78 118 120 126 130 144 148
11 25 33 43 53 64 65 73 80 82 110 113 143
14 17 29 42 68 87 91 116 125 131
22 25 46 50 53 57 82 132 141 146
12 72 73 75 89 103 141 146 147
3 32 53 59 126 136 145 149
6 12 48 50 61 64 79 85 98 111 114
23 40 49 54 57 72 88 96 111 127 143
6 10 65 69 79 82 114 142
3 8 10 12 43 65 92 96 115 142
14 41 58 94 99 123 126 145
10 22 34 50 89 98 103 116 124 145
14 30 34 50 55 78 115
29 57 68 108 118 136
17 28 42 45 65 117 119
30 32 43 46 50 51 56 65 89 94 101 103 109
24 61 67 126 144 148
7 23 25 29 64 80 89 90 92 101 103 120 121
3 15 30 45 75 99 132 141
13 36 43 52 57 78 98 102 125 134 140 142 147
15 21 34 45 69 80 82 90 92 106 108
12 13 56 94 127 136
10 21 37 41 55 70 82 86 93 123 125 146
32 34 41 67 74 78 96 100 114 119 120
8 25 83 93 94 97 116 117 131
13 72 90 93 102 106 114 126 133 134 140
34 43 44 69 70 90 92 137 145
30 61 76 78 83 88 95 126 135 141 143
39 41 67 90 93 116 129 135 149
5 29 30 50 89 92 104 122 127 128
0 8 12 17 19 22 39 99 126 129 132 135
0 2 26 47 62 103 110 118 129 134 145
30 59 63 65 90 102 125 148
10 27 42 56 77 104 115 117 124 137 140 147 149
7 29 31 52 72 93 105 114 118 131
17 31 33 54 62 128 133 135 142
17 18 78 92 93 117 131 144 148
6 17 18 26 79 85 102 104 121 133
10 31 44 68 74 79 94 114 118 137 139
47 55 74 107 127 143
6 30 66 83 84 91 102 130
4 8 13 14 43 99
2 13 16 52 62 80 93 95 123 126 129 136 139
23 43 55 86 89 114 115 116 142 146
64 74 75 96 117 138
31 38 55 93 103 114
11 23 34 41 64 76 86 90 117 135
11 15 53 66 67 69 85 111 113 128 135 136 138
54 57 85 95 110 112 127
27 31 34 44 47 54 83 94 97 124 131 133
0 3 70 86 88 108 120 128 130 137
0 6 57 85 86 87 94 108 110 117 128 133
26 50 65 112 117 118 131
14 23 24 32 46 61 77 88 89 94 107 129 148
1 4 9 31 35 49 55 82 96 120 121 130
6 12 17 30 43 45 50 56 74 84 109 124 147
1 21 30 34 36 57 103 110 116 120 121 128 137
4 17 20 25 34 48 59 93 99 114 138 141
10 14 17 28 59 67 73 87 90 96 101 103 134
7 27 34 79 116 128
5 11 27 73 89 124 136
1 5 13 20 26 30 34 77 101 106 146
3 8 13 15 34 54 56 83 104 114 121 127 129
4 10 17 18 21 57 65 67 81 94 111 133 148
11 19 20 33 47 59 80 93 125 130
31 33 35 43 72 92 96 106 108 129 139 145
0 16 28 50 56 64 86 111 117 119
14 23 39 52 54 61 75 77 81 116 131
1 2 10 13 21 22 62 66 80 146
13 29 40 58 69 75 81 88 97 116
39 44 51 61 101 130
8 17 55 59 74 85 115
27 31 66 81 84 95 109 128 136 143 147
22 40 47 57 64 74 81 90 96 108 116 119 133
4 35 47 58 65 96 98 109 145 147
14 21 29 30 110 112 123 141 144
45 57 62 78 87 89 92 109 117 130
22 35 54 57 112 134
6 18 59 75 78 90 114 124 130 135
20 27 29 67 75 78 136
3 7 9 24 38 61 62 90 91 104 122
22 23 27 70 94 108 110 111 122
13 21 25 36 40 59 64 69 98 101 123 137
44 52 66 80 87 93 99 139
18 29 30 35 39 54 56 77 82 104 126 127 133
1 45 61 69 106 146
9 29 30 57 59 83 90 103 128 138
20 27 30 44 54 58 69 74 86 89 112 128 131
2 7 13 50 63 86 88 106 120 129 146
10 27 32 45 58 67 84 96 115 123 144 149
6 20 21 28 34 46 54 62 77 84 144
8 15 23 34 35 61 69 80 88 92 107 146 149
6 24 33 48 72 78 81 88 109 112 121 132 144
6 19 58 59 60 72 110 118 128 138
3 18 35 37 43 48 58 60 99 109 116 127
0 14 19 38 59 102 106
5 8 12 41 43 46 68 81 91 128 139 141
5 18 24 63 83 95 117 120
9 28 36 40 44 59 85
3 65 101 103 109 123 127 147
37 47 60 70 75 81 85 89 128 146
29 36 52 53 78 87 90 97 98 103
10 21 29 90 129 145 148
9 11 26 30 34 59 60 61 100 101 144 145
20 24 58 75 114 139
8 55 66 89 94 100 118 121 123 136 142
24 36 84 87 112 113 119
25 35 72 107 125 131 137
28 47 52 92 106 127 131 145 147
28 45 88 97 99 115 124 144
30 31 55 71 87 96 116 129 133 139 144
7 10 11 12 41 51 82 85 93 116 127
3 14 35 36 57 88 89 109 145
9 24 48 58 75 85 95 109 110 134
20 22 43 61 68 97 104 127 131
4 29 31 33 37 38 93 120 122 126
25 36 81 103 106 111 133 135
1 7 15 17 33 61 89 104
13 29 37 47 48 57
7 13 42 58 72 81 83 96 103 123 129 130
28 34 38 49 55 61 67 68 69 103 142
2 15 22 33 47 49 66 74 95 116 131 142 149
72 76 99 110 117 130
21 40 41 45 46 103 125 149
10 14 29 30 70 73 105 106 123 133 138
46 52 60 89 100 104 106 108 122 134
0 5 60 66 90 93
3 6 11 14 38 42 81 86 107 112 125 134 137
11 20 40 41 51 75 86 101 106 132 139 142 143
11 13 18 37 73 77 103 110 115 125 136
5 39 52 57 75 122 131
2 51 61 70 81 113 130 148
2 30 67 72 80 87 92 111 124
13 29 31 42 84 88 103 104 112 115 123 138 142
2 18 21 26 34 87 99 100 104 111 119 137 145
50 53 110 111 144 145
2 72 78 117 142 145
13 21 52 55 107 112 117 125
0 2 11 22 45 54 63 78 83 146
0 17 28 39 63 81 129 130 133 139
9 28 33 64 80 89 91 93 125 138
12 38 42 44 101 113 115 122 123 128 148
0 1 29 31 34 41 44 48 111 112 113 115
33 50 61 63 70 90 92 99 101 103 114
7 12 20 33 59 83
0 2 12 19 62 78 88 103 105 139
2 13 31 37 61 67 87 101 120 122 137 140 147
7 22 27 32 41 46 57 71 120 141 148
6 20 42 49 69 84 97 109 110 123 125 136
2 21 28 45 59 70 97 103 106 112 130 140 146
1 4 73 87 90 91 95 100 116 121 137 147 149
28 54 62 64 71 84 90 103 114 126 127 132
21 28 52 62 102 107 139
4 18 42 48 57 73 75 77
28 46 71 78 104 115 122 124 136
1 20 24 30 33 42 51 55 61 77 91 121 124
7 8 24 39 56 73 75 86 124
25 26 28 39 41 42 80 114 118 126
29 90 93 101 105 129
12 20 36 39 40 78 84
3 7 11 31 59 80 115 121
11 28 36 46 54 61 71 75 88 107 110 137 149
1 28 33 82 105 143
9 20 23 28 32 46 52 57 78 80 139
8 27 28 29 39 44 49 75 91 102 119 134 141
3 17 20 29 44 62 66 69 81 87 97 118 145
24 46 60 63 67 79 81 83 92 102 109
5 22 37 56 59 74 80 96 98 113 120 124 149
0 16 18 44 95 101 107 110 122 130
3 27 30 34 51 66 77 81 86 96 122
1 13 50 61 86 92 98 123
4 9 10 29 50 55 62 71 79 87 99 131
24 33 34 36 76 82 123 132
0 2 23 27 31 54 85 94 111
14 41 44 48 56 57 77 92 103 114 122 132
15 35 46 62 71 94 123 129 133 136 137
0 3 21 37 60 66 84 112 133
15 53 58 69 84 116 122 128 141 143 147
7 15 18 86 98 102 114 145
2 3 51 53 80 84 86 96 112 113 143 145
1 14 34 56 63 67 75 106 148
8 30 40 44 47 74 85 88 112 120 149
4 14 30 40 58 67 68 94 105 115 116 118
9 54 64 93 112 130 139
30 34 40 55 67 72 75 95 99 137 142 146 148
46 88 92 119 130 144
1 5 8 39 58 59 83 84 97
1 5 14 17 29 37 41 43 66 67 118 146
28 50 58 65 73 86 91 118 132
0 7 12 14 19 49 63 75 101 116 118 120 129
3 4 22 25 27 53 74 78 85 87 101
50 56 62 66 88 93 94 103 106 114 117 120 144
2 9 22 26 51 80 102
5 16 18 23 36 58 84 94 98 112 130 135
22 42 50 51 55 58 77 81 90 111 117 141
4 11 14 56 71 77 89 109 140 142
0 5 10 21 23 35 40 48 50 60
23 42 61 64 84 86 93 105 113 122 141 149
12 55 73 98 108 126
8 28 32 49 54 100 116 137
27 28 41 52 104 105 118
7 51 67 92 94 95 123 129
24 27 41 52 56 74 77 86 110 131
35 101 113 120 136 137 139
0 19 30 37 40 51 73 86 100 103 106 112 121
34 37 50 71 73 81 92 98 112 116 147
6 16 25 28 29 49 54 55 59 99 121
24 31 46 48 66 72 98 99 101 131 140
6 31 66 76 85 145
15 16 54 58 59 68 85 89 112 115 117 118
9 17 24 67 120 130 136
12 32 77 83 85 110 120 123 132 148
15 17 42 45 90 91 120
20 22 23 53 59 62 65 73 74 81 84 110
0 10 30 91 92 108
60 101 111 117 124 130
0 2 18 21 46 48 62 67 71 78 120 139 142
15 37 74 89 119 128 145
4 14 22 35 43 64 115 118 122 131 143 144
9 25 39 73 82 85 104 112 113 126 145
11 12 14 22 69 103 110 114 126 127 145 148
47 49 55 88 99 109 139
24 26 31 33 43 44 46 56 70 79 87
1 9 13 52 53 80 89 122 143
7 25 33 61 78 93 135 136 148
8 16 26 54 63 127
15 48 56 62 95 101 131 138
15 16 51 52 56 92 106 108
18 29 48 51 116 137 145 147 149
0 3 16 32 52 54 55 59 65 94 97 110 111
0 38 56 82 84 86 101 108
3 14 33 41 50 97 144
4 6 47 53 67 98 147
0 1 6 34 51 60 61 90 98 129 147
38 45 55 58 118 120
15 68 88 98 103 136
6 22 52 53 90 117
6 7 14 34 41 86
7 9 12 22 45 62 75 76 94 107 116 119 134
3 13 36 39 47 50 59 60 71 75 129 149
14 37 51 56 65 71 118 145
4 25 28 71 74 114
10 86 87 106 134 135 145
31 41 70 103 134 138
0 34 36 48 57 60 71 77 100 108
6 20 22 31 63 74 97 103 109 129 135 137
6 12 20 36 58 67 91 95 114 127 136
2 38 40 81 86 88 100 111 126 132
4 36 45 58 59 79 91 96 111 112 119 131
37 47 67 82 83 122 124 143
14 20 45 78 81 98 100 110 121 134
6 16 37 39 77 78 108 111 129 132 141
5 8 19 34 106 110 140
3 11 24 39 50 67 83 85 90 93 115 120
34 74 109 110 126 144
4 13 49 80 115 120 130 145
12 26 27 28 40 44 47 69 90 107
2 13 21 50 60 109 111 136 140
4 13 24 28 53 60 73
24 41 86 93 96 134 149
3 28 53 61 62 67 90 103 115 117 119 120 149
22 26 32 75 82 93 134
2 22 39 55 56 66 67 83 101 114 124 129
3 40 78 99 111 119 125 133 134 147
11 19 48 72 79 97 102 104 138 148 149
8 12 21 33 37 69 78 80 94 113 147
8 9 21 52 71 72 81 83 89 117 118 137 143
49 55 73 82 88 91 131 133 142 144 147
0 12 34 36 39 52 62 75 78 113 122 137
34 65 92 95 103 118 120 129 133 141
27 31 35 70 90 101 102 137
21 29 56 59 95 97 104 108 124 148
10 27 31 48 70 72 99 105 112 125 127
4 6 44 49 50 74 77 86 122 139
17 18 98 103 134 143
37 48 49 57 75 78 84 93 104 117 139
6 32 41 58 59 84 88 102 111 125 130
4 26 33 54 117 126 133 147
7 26 30 34 48 64 66 74 81 117 125 128 142
32 39 46 54 89 110 118 125 127 136
39 51 64 77 95 96 98 111 123 124 130 137
13 16 24 31 46 51 63 69 79 91 97 111 130
4 53 68 95 124 134 149
7 16 23 35 51 69 85 86 109 112 126 130 145
4 39 59 95 104 124 125
6 38 76 90 92 93 94 101 141
0 2 57 75 99 123 124 125 134 144
28 30 33 43 44 45 55 67 70 71 93 122 123
11 21 33 38 64 66 105 142
52 53 59 61 66 69 70 75 110 123
1 3 11 71 108 113 114 142
8 12 20 38 42 53 63 75 110 114 115 147
0 9 10 12 13 18 29 76 92 99 107 112
15 55 105 107 110 112 128 137
12 27 53 60 67 78 111 122
4 23 32 64 66 77 78
16 33 50 53 77 80 97 107 111
11 15 63 78 82 93 99 118 137 148
26 29 41 44 68 76 77 86 111 113 135 138 144
3 20 55 63 85 110
11 22 29 49 76 81 89 111 124 147 148
3 18 20 26 66 72 73 85 98 136 141
17 94 106 112 115 119 130 136
17 57 73 91 122 141
14 23 36 40 79 85 148
41 59 79 103 116 143
8 28 32 65 93 95 99 101 117 118 123 147
1 14 18 29 35 37 55 121 123 132
10 48 70 107 122 135
37 49 109 131 135 137 146
27 36 65 81 82 94 96 108
11 38 40 48 55 57 79 103 108 127 130 139
2 13 23 42 58 66 143
5 26 34 41 65 68 72 100 102 138 146
4 5 54 56 64 73 74 115 132 137
11 47 60 68 70 83 88 127 139 142 146
5 8 19 40 45 53 78 81 85 130
10 38 100 102 117 121
3 28 44 46 51 59 62 72 100 121 122 128 138
8 11 36 44 78 83 104 122 125 141 143
4 18 26 28 32 66 78 83 131 140
11 17 29 40 49 55 67 70 76 93 113 145 146
20 27 47 57 70 103 108 109 114 128 129 135 144
2 10 19 30 77 79 84 93 112
7 13 16 21 26 71 82 83 117 138
5 13 32 38 45 98 109
17 52 54 70 76 79 92 95 114 125 143
5 20 28 54 74 117 147
1 22 37 47 85 93 100 147
19 25 61 68 99 118 142
14 25 34 60 107 113 118 124 127 134
0 19 25 58 121 142
